0 2 1
0 2 2
0 3 3
0 1 4
0 1 5
0 1 6
0 1 7
0 1 8
0 0 9
9 5 10
9 5 11
9 5 12
9 5 13
9 5 14
9 5 15
9 5 16
9 5 17
9 5 18
9 5 19
9 6 20
21 2 1
21 2 22
21 3 3
21 1 7
21 1 23
21 1 5
21 1 24
21 1 25
21 0 26
26 5 27
26 5 13
26 5 28
26 5 10
26 5 29
26 5 30
26 5 31
26 5 32
26 6 33
34 2 1
34 2 35
34 3 3
34 1 5
34 1 36
34 1 37
34 1 38
34 1 39
34 0 40
40 5 10
40 5 19
40 5 41
40 5 32
40 5 16
40 5 42
40 5 11
40 6 43
44 2 1
44 2 45
44 3 3
44 1 5
44 1 8
44 1 39
44 1 4
44 1 46
44 0 47
47 5 10
47 5 14
47 5 11
47 5 16
47 5 48
47 5 49
47 5 19
47 5 32
47 5 50
47 5 13
47 6 20
51 2 1
51 2 52
51 3 3
51 1 5
51 1 53
51 1 8
51 1 4
51 1 46
51 0 54
54 5 10
54 5 55
54 5 11
54 5 14
54 5 48
54 5 28
54 5 56
54 6 57
58 2 1
58 2 59
58 3 3
58 1 60
58 1 7
58 1 61
58 1 62
58 1 23
58 0 63
63 5 64
63 5 13
63 5 15
63 5 28
63 5 49
63 5 10
63 5 65
63 5 14
63 6 66
67 2 1
67 2 68
67 3 3
67 1 69
67 1 61
67 1 70
67 1 23
67 1 71
67 0 72
72 5 73
72 5 15
72 5 74
72 5 28
72 5 75
72 5 76
72 5 17
72 5 42
72 5 10
72 6 77
78 2 1
78 2 79
78 3 3
78 1 8
78 1 5
78 1 46
78 1 80
78 1 4
78 0 81
81 5 14
81 5 10
81 5 48
81 5 82
81 5 83
81 5 11
81 5 49
81 5 84
81 5 27
81 5 15
81 6 66
85 2 1
85 2 86
85 3 3
85 1 8
85 1 5
85 1 4
85 1 87
85 1 24
85 0 88
88 5 10
88 5 89
88 5 11
88 5 14
88 5 32
88 5 42
88 5 90
88 5 75
88 5 91
88 5 73
88 6 57
92 2 1
92 2 93
92 3 3
92 1 5
92 1 38
92 1 94
92 1 95
92 1 61
92 0 96
96 5 10
96 5 76
96 5 30
96 5 32
96 5 15
96 5 28
96 5 75
96 5 48
96 5 97
96 5 73
96 6 57
98 2 99
98 2 100
98 3 101
98 1 7
98 1 102
98 1 95
98 1 23
98 1 24
98 0 103
103 5 13
103 5 104
103 5 28
103 5 27
103 5 30
103 5 14
103 5 105
103 5 83
103 5 32
103 6 106
107 2 99
107 2 108
107 3 101
107 1 7
107 1 109
107 1 8
107 1 23
107 1 110
107 0 111
111 5 13
111 5 112
111 5 14
111 5 28
111 5 113
111 5 75
111 5 27
111 5 30
111 5 18
111 5 48
111 6 114
115 2 99
115 2 116
115 3 101
115 1 109
115 1 24
115 1 7
115 1 8
115 1 23
115 0 117
117 5 112
117 5 27
117 5 13
117 5 14
117 5 28
117 5 32
117 5 48
117 5 17
117 6 114
118 2 99
118 2 119
118 3 101
118 1 7
118 1 5
118 1 120
118 1 4
118 1 121
118 0 122
122 5 13
122 5 10
122 5 123
122 5 30
122 5 124
122 5 11
122 5 112
122 5 32
122 5 125
122 5 65
122 6 106
126 2 99
126 2 127
126 3 101
126 1 23
126 1 24
126 1 7
126 1 25
126 1 8
126 0 128
128 5 28
128 5 13
128 5 27
128 5 31
128 5 30
128 5 14
128 6 106
129 2 99
129 2 130
129 3 101
129 1 102
129 1 7
129 1 5
129 1 25
129 1 4
129 0 131
131 5 14
131 5 76
131 5 17
131 5 84
131 5 30
131 5 18
131 5 65
131 5 13
131 5 11
131 5 32
131 6 132
133 2 99
133 2 134
133 3 101
133 1 8
133 1 135
133 1 46
133 1 80
133 1 37
133 0 136
136 5 14
136 5 56
136 5 48
136 5 83
136 5 41
136 5 32
136 5 19
136 5 76
136 5 13
136 5 27
136 6 114
137 2 99
137 2 138
137 3 101
137 1 23
137 1 102
137 1 7
137 1 71
137 1 25
137 0 139
139 5 28
139 5 104
139 5 13
139 5 75
139 5 31
139 5 10
139 5 140
139 5 15
139 5 76
139 5 141
139 6 106
142 2 99
142 2 143
142 3 101
142 1 23
142 1 7
142 1 62
142 1 144
142 1 102
142 0 145
145 5 28
145 5 13
145 5 49
145 5 123
145 5 104
145 5 15
145 5 27
145 5 30
145 5 10
145 5 48
145 6 146
147 2 99
147 2 148
147 3 101
147 1 25
147 1 71
147 1 95
147 1 69
147 1 149
147 0 150
150 5 97
150 5 73
150 5 75
150 5 15
150 5 31
150 5 30
150 5 112
150 5 76
150 5 14
150 6 151
152 2 99
152 2 79
152 3 101
152 1 8
152 1 153
152 1 4
152 1 7
152 1 62
152 0 154
154 5 14
154 5 82
154 5 11
154 5 13
154 5 49
154 5 16
154 5 27
154 5 10
154 5 48
154 5 15
154 6 66
155 2 99
155 2 156
155 3 101
155 1 102
155 1 157
155 1 7
155 1 25
155 1 5
155 0 158
158 5 104
158 5 13
158 5 141
158 5 31
158 5 82
158 5 10
158 5 27
158 6 159
160 2 161
160 2 162
160 3 163
160 1 37
160 1 153
160 1 4
160 1 164
160 1 165
160 0 166
166 5 41
166 5 82
166 5 11
166 5 167
166 5 42
166 5 84
166 5 168
166 5 13
166 5 73
166 5 19
166 6 66
169 2 161
169 2 170
169 3 163
169 1 7
169 1 109
169 1 8
169 1 24
169 1 157
169 0 171
171 5 13
171 5 27
171 5 112
171 5 14
171 5 141
171 5 104
171 5 56
171 5 30
171 5 48
171 5 65
171 6 114
172 2 161
172 2 173
172 3 163
172 1 7
172 1 24
172 1 153
172 1 4
172 1 8
174 2 161
174 2 134
174 3 163
174 1 23
174 1 7
174 1 24
174 1 37
174 0 175
175 5 28
175 5 13
175 5 27
175 5 41
175 5 19
175 5 75
175 5 14
175 5 83
175 5 29
175 5 15
175 6 176
177 2 161
177 2 178
177 3 163
177 1 5
177 1 46
177 1 24
177 1 8
177 1 135
177 1 179
177 0 180
180 5 10
180 5 48
180 5 27
180 5 14
180 5 56
180 5 17
180 5 18
180 5 11
180 5 55
180 5 13
180 6 66
181 2 182
181 2 183
181 3 184
181 1 69
181 1 62
181 1 61
181 1 71
181 1 8
181 0 185
186 2 182
186 2 187
186 3 184
186 1 23
186 1 69
186 1 95
186 1 38
186 1 7
186 0 188
188 5 28
188 5 73
188 5 30
188 5 32
188 5 13
188 6 189
190 2 182
190 2 1
190 3 184
190 1 23
190 1 38
190 1 8
190 1 95
190 1 5
191 2 182
191 2 192
191 3 184
191 1 23
191 1 38
191 1 61
191 1 165
191 1 62
191 0 193
193 5 28
193 5 32
193 5 42
193 5 15
193 5 48
193 5 49
193 5 10
193 5 17
193 5 41
193 5 27
193 6 20
194 2 182
194 2 195
194 3 184
194 1 23
194 1 196
194 1 197
194 0 198
199 2 182
199 2 100
199 3 184
199 1 71
199 1 200
199 1 201
199 0 202
202 5 75
202 5 30
202 5 28
202 5 76
202 5 15
202 5 84
202 5 14
202 5 113
202 5 31
202 5 112
202 6 77
203 2 182
203 2 204
203 3 184
203 1 23
203 1 24
203 1 7
203 1 46
203 0 205
206 2 182
206 2 207
206 3 184
206 1 94
206 1 208
206 1 209
206 0 210
210 5 76
210 5 28
210 5 73
210 5 75
210 5 84
210 5 30
210 5 48
210 5 32
210 6 77
211 2 182
211 2 212
211 3 184
211 1 23
211 1 71
211 1 8
211 1 62
211 1 46
211 0 213
213 5 28
213 5 75
213 5 14
213 5 49
213 5 48
213 5 27
213 5 76
213 5 15
213 5 32
213 5 30
213 6 214
215 2 182
215 2 108
215 3 184
215 1 23
215 1 8
215 1 7
215 1 24
215 1 62
215 0 216
216 5 75
216 5 15
216 5 13
216 5 83
216 5 27
216 5 28
216 5 14
216 5 49
216 5 29
216 5 30
216 6 217
218 2 182
218 2 219
218 3 184
218 1 8
218 1 7
218 1 23
218 1 25
218 1 220
218 0 221
221 5 14
221 5 13
221 5 28
221 5 31
221 5 18
221 5 30
221 5 27
221 5 125
221 5 65
221 6 222
223 2 182
223 2 127
223 3 184
223 1 23
223 1 8
223 1 7
223 1 102
223 1 5
223 0 224
224 5 28
224 5 104
224 5 13
224 5 27
224 5 14
224 5 141
224 5 10
224 5 73
224 5 31
224 5 42
224 6 159
225 2 182
225 2 226
225 3 184
225 1 8
225 1 23
225 1 7
225 1 46
225 1 24
225 0 227
227 5 14
227 5 28
227 5 13
227 5 48
227 5 27
227 5 41
227 5 56
227 5 49
227 5 19
227 5 32
227 6 228
229 2 182
229 2 230
229 3 184
229 1 23
229 1 8
229 1 46
229 1 38
229 0 231
232 2 182
232 2 134
232 3 184
232 1 94
232 1 233
232 1 200
232 0 234
234 5 73
234 5 28
234 5 83
234 5 49
234 5 13
234 5 15
234 5 48
234 5 42
234 5 32
234 5 14
234 6 235
236 2 182
236 2 237
236 3 184
236 1 109
236 1 24
236 1 23
236 1 71
236 1 7
236 0 238
238 5 112
238 5 27
238 5 28
238 5 13
238 5 75
238 5 83
238 5 30
238 5 48
238 5 76
238 6 176
239 2 182
239 2 143
239 3 184
239 1 7
239 1 23
239 1 109
239 1 24
239 1 8
239 0 240
240 5 13
240 5 28
240 5 112
240 5 27
240 5 14
240 5 49
240 5 15
240 5 10
240 5 29
240 5 83
240 6 114
241 2 182
241 2 242
241 3 184
241 1 62
241 1 61
241 1 46
241 1 94
241 1 243
241 0 244
245 2 182
245 2 246
245 3 184
245 1 23
245 1 5
245 1 8
245 1 62
247 2 182
247 2 248
247 3 184
247 1 23
247 1 94
247 1 95
247 1 24
247 1 8
247 0 249
249 5 28
249 5 76
249 5 30
249 5 27
249 5 14
249 5 84
249 5 32
249 6 77
250 2 182
250 2 251
250 3 184
250 1 23
250 1 24
250 1 8
250 1 7
250 1 109
250 0 252
252 5 28
252 5 27
252 5 14
252 5 13
252 5 112
252 5 30
252 5 48
252 6 114
253 2 182
253 2 254
253 3 184
253 1 71
253 1 255
253 1 256
253 0 257
257 5 75
257 5 15
257 5 14
257 5 11
257 5 28
257 5 140
257 5 10
257 5 30
257 5 13
257 5 32
257 6 114
258 2 182
258 2 259
258 3 184
258 1 71
258 1 61
258 1 46
258 1 260
258 0 261
262 2 182
262 2 263
262 3 184
262 1 7
262 1 23
262 1 109
262 1 61
262 0 264
265 2 182
265 2 266
265 3 184
265 1 7
265 1 109
265 1 102
265 1 23
265 1 8
265 0 267
268 2 269
268 2 270
268 3 271
268 1 62
268 1 120
268 1 272
268 1 94
268 1 95
268 0 273
274 2 269
274 2 1
274 3 271
274 1 275
274 1 94
274 1 62
274 1 46
274 1 61
274 0 276
276 5 84
276 5 49
276 5 76
276 5 48
276 5 15
276 6 57
277 2 269
277 2 100
277 3 271
277 1 94
277 1 62
277 1 23
277 1 95
277 1 61
277 0 278
278 5 76
278 5 49
278 5 30
278 5 28
278 5 15
278 5 97
278 5 84
278 5 14
278 5 89
278 5 13
278 6 151
279 2 269
279 2 280
279 3 271
279 1 94
279 1 95
279 1 275
279 1 281
279 0 282
282 5 76
282 5 48
282 5 49
282 5 73
282 5 28
282 5 31
282 5 14
282 5 75
282 5 89
282 5 113
282 6 283
284 2 269
284 2 285
284 3 271
284 1 24
284 1 4
284 1 7
284 1 95
284 1 8
284 0 286
286 5 76
286 5 73
286 5 30
286 5 112
286 5 84
286 5 65
286 5 14
286 5 48
286 6 283
287 2 269
287 2 127
287 3 271
287 1 94
287 1 71
287 1 23
287 1 61
287 1 24
287 0 288
289 2 269
289 2 290
289 3 271
289 1 46
289 1 62
289 1 8
289 1 275
289 1 61
289 0 288
291 2 269
291 2 292
291 3 271
291 1 109
291 1 69
291 1 94
291 1 71
291 1 95
291 0 293
293 5 112
293 5 73
293 5 76
293 5 75
293 5 30
293 5 32
293 5 65
293 5 97
293 5 125
293 5 84
293 6 132
294 2 269
294 2 295
294 3 271
294 1 94
294 1 69
294 1 95
294 1 149
294 1 109
294 0 296
296 5 76
296 5 73
296 5 97
296 5 30
296 5 112
296 5 15
296 5 48
296 5 28
296 6 283
297 2 269
297 2 298
297 3 271
297 1 94
297 1 299
297 1 24
297 1 71
297 1 38
297 0 300
300 5 76
300 5 27
300 5 32
300 5 75
300 5 30
300 5 73
300 5 48
300 5 140
300 5 10
300 5 28
300 6 301
302 2 269
302 2 303
302 3 271
302 1 94
302 1 24
302 1 23
302 1 71
302 1 95
302 0 304
304 5 76
304 5 27
304 5 28
304 5 75
304 5 30
304 5 140
304 5 73
304 5 32
304 6 283
305 2 269
305 2 138
305 3 271
305 1 23
305 1 94
305 1 69
305 1 61
305 1 38
305 0 306
306 5 28
306 5 76
306 5 73
306 5 15
306 5 32
306 5 48
306 6 132
307 2 269
307 2 143
307 3 271
307 1 94
307 1 71
307 1 95
307 1 23
307 1 61
307 0 308
308 5 76
308 5 75
308 5 30
308 5 28
308 5 15
308 5 73
308 5 112
308 6 77
309 2 269
309 2 310
309 3 271
309 1 71
309 1 94
309 1 23
309 1 38
309 1 46
311 2 269
311 2 148
311 3 271
311 1 94
311 1 71
311 1 61
311 1 275
311 1 25
311 0 312
312 5 76
312 5 75
312 5 84
312 5 15
312 5 31
312 5 32
312 5 30
312 5 17
312 5 112
312 5 48
312 6 313
314 2 269
314 2 248
314 3 271
314 1 94
314 1 23
314 1 95
314 1 275
314 1 71
314 0 315
315 5 76
315 5 28
315 5 30
315 5 84
315 5 75
315 5 14
315 5 17
315 5 11
315 6 283
316 2 269
316 2 317
316 3 271
316 0 318
318 5 76
318 5 14
318 5 75
318 5 30
318 5 48
318 5 27
318 5 56
318 5 73
318 5 112
318 6 77
319 2 269
319 2 320
319 3 271
319 1 46
319 1 94
319 1 135
319 1 275
319 1 5
319 0 321
321 5 48
321 5 76
321 5 56
321 5 84
321 5 10
321 5 32
321 5 49
321 5 15
321 5 16
321 5 19
321 6 57
322 2 269
322 2 266
322 3 271
322 1 23
322 1 71
322 1 94
322 0 323
323 5 28
323 5 76
323 5 75
323 5 140
323 5 30
323 5 112
323 6 77
324 2 325
324 2 326
324 3 327
324 1 23
324 1 328
324 1 46
324 1 153
329 2 325
329 2 330
329 3 327
329 1 7
329 1 8
329 1 24
329 1 4
329 1 5
329 0 331
331 5 13
331 5 27
331 5 14
331 5 75
331 5 30
331 5 10
331 5 28
331 5 29
331 5 112
331 5 11
331 6 217
332 2 325
332 2 333
332 3 327
332 1 71
332 1 94
332 1 95
332 1 23
332 1 8
334 2 325
334 2 335
334 3 327
334 1 7
334 1 109
334 1 24
334 1 5
334 1 80
336 2 325
336 2 100
336 3 327
336 1 23
336 1 24
337 2 325
337 2 338
337 3 327
337 1 61
337 1 4
337 1 23
337 1 5
337 1 7
339 2 325
339 2 162
339 3 327
339 1 8
339 1 7
339 1 24
339 1 4
339 1 23
339 0 340
340 5 14
340 5 13
340 5 27
340 5 11
340 5 28
340 5 112
340 5 41
340 5 10
340 5 19
340 6 114
341 2 325
341 2 342
341 3 327
341 1 61
341 1 71
341 1 7
341 1 4
341 1 8
341 0 343
343 5 15
343 5 75
343 5 13
343 5 11
343 5 14
343 5 27
343 5 48
343 5 49
343 5 83
343 5 50
343 6 66
344 2 325
344 2 345
344 3 327
344 1 4
344 1 8
344 1 23
344 1 346
344 1 61
344 0 347
347 5 11
347 5 14
347 5 28
347 5 50
347 5 15
347 5 10
347 5 13
347 5 112
347 5 348
347 5 49
347 6 349
350 2 325
350 2 351
350 3 327
350 1 24
350 1 4
350 1 7
350 1 37
350 1 8
352 2 325
352 2 353
352 3 327
352 1 23
352 1 7
352 1 354
352 1 61
352 1 24
355 2 325
355 2 134
355 3 327
355 1 23
355 1 7
355 1 5
355 1 24
355 1 71
356 2 325
356 2 357
356 3 327
356 1 23
356 1 153
356 1 358
356 1 7
356 1 359
356 0 360
360 5 28
360 5 13
360 5 82
360 5 89
360 5 27
360 5 49
360 5 90
360 5 14
360 5 15
360 5 17
360 6 114
361 2 325
361 2 362
361 3 327
361 1 7
361 1 24
361 1 102
361 1 109
361 1 8
363 2 325
363 2 295
363 3 327
363 1 5
363 1 23
363 0 364
364 5 27
364 5 13
364 5 124
364 5 14
364 5 112
364 5 140
364 5 28
364 5 75
364 5 11
364 5 30
364 6 66
365 2 325
365 2 237
365 3 327
365 1 62
365 1 7
365 1 109
365 1 24
365 1 5
366 2 325
366 2 52
366 3 327
366 1 71
366 1 23
366 1 95
366 1 69
366 1 46
367 2 325
367 2 368
367 3 327
367 1 4
367 1 24
367 1 7
367 1 38
367 1 46
369 2 325
369 2 370
369 3 327
369 1 23
369 1 62
369 1 71
369 1 95
369 1 275
371 2 325
371 2 59
371 3 327
371 1 24
371 1 5
371 1 23
371 1 7
371 1 38
371 0 372
372 5 27
372 5 10
372 5 28
372 5 13
372 5 32
372 5 14
372 5 83
372 5 29
372 5 11
372 6 217
373 2 325
373 2 254
373 3 327
373 1 71
373 1 61
373 1 37
373 1 8
373 1 36
374 2 325
374 2 375
374 3 327
374 1 71
374 1 62
374 1 61
374 1 4
374 1 23
374 0 376
376 5 75
376 5 49
376 5 11
376 5 15
376 5 28
376 5 50
376 5 48
376 5 10
376 5 14
376 5 73
376 6 217
377 2 325
377 2 378
377 3 327
377 1 24
377 1 71
377 1 5
377 1 8
379 2 325
379 2 380
379 3 327
379 1 7
379 1 24
379 1 8
379 1 109
379 1 5
381 2 325
381 2 86
381 3 327
381 1 37
381 1 24
381 1 4
381 1 382
381 1 165
381 0 383
383 5 41
383 5 27
383 5 11
383 5 42
383 5 91
383 5 19
383 5 384
383 6 43
385 2 325
385 2 266
385 3 327
385 1 23
385 1 7
385 1 24
385 1 8
385 1 94
386 2 387
386 2 333
386 3 388
386 1 24
386 1 110
386 1 5
386 1 23
386 1 8
389 2 387
389 2 390
389 3 388
389 1 71
389 1 62
389 1 391
389 1 61
389 1 69
392 2 387
392 2 100
392 3 388
392 1 23
392 1 94
392 1 69
392 1 109
392 1 95
392 0 393
393 5 28
393 5 27
393 5 13
393 5 112
393 5 76
393 6 77
394 2 387
394 2 395
394 3 388
394 1 71
394 1 243
394 1 94
394 1 23
394 1 95
396 2 387
396 2 108
396 3 388
396 1 8
396 1 397
396 1 5
396 1 71
396 1 62
398 2 387
398 2 399
398 3 388
398 1 71
398 1 62
398 1 61
398 1 243
398 1 46
400 2 387
400 2 401
400 3 388
400 1 7
400 1 71
400 1 94
400 1 402
400 1 61
403 2 387
403 2 280
403 3 388
403 1 61
403 1 281
403 1 71
403 1 46
403 1 404
405 2 387
405 2 406
405 3 388
405 1 94
405 1 95
405 1 71
407 2 387
407 2 408
407 3 388
407 1 61
407 1 409
407 1 410
407 0 411
411 5 10
411 5 15
411 5 49
411 5 75
411 5 73
411 5 28
411 5 140
411 5 48
411 5 42
411 5 30
411 6 20
412 2 387
412 2 413
412 3 388
412 1 414
412 1 94
412 1 95
412 1 415
416 2 387
416 2 417
416 3 388
416 1 71
416 1 8
416 1 69
416 1 95
416 1 61
418 2 387
418 2 285
418 3 388
418 1 71
418 1 69
418 1 95
418 1 94
418 1 61
419 2 387
419 2 127
419 3 388
419 1 71
419 1 61
419 1 95
419 1 23
419 1 94
420 2 387
420 2 226
420 3 388
420 1 71
420 1 95
420 1 69
420 1 23
420 1 109
421 2 387
421 2 351
421 3 388
421 1 71
421 1 46
421 1 8
421 1 62
421 1 61
421 0 422
422 5 75
422 5 48
422 5 14
422 5 49
422 5 15
422 5 32
422 6 77
423 2 387
423 2 290
423 3 388
423 1 71
423 1 110
423 1 25
423 1 424
423 1 61
425 2 387
425 2 298
425 3 388
425 1 94
425 1 71
425 1 46
425 1 8
425 1 95
426 2 387
426 2 427
426 3 388
426 1 71
426 1 62
426 1 46
426 1 61
426 1 94
428 2 387
428 2 138
428 3 388
428 1 71
428 1 61
428 1 62
428 1 95
428 1 94
429 2 387
429 2 430
429 3 388
429 1 46
429 1 275
429 1 8
429 1 62
429 1 24
431 2 387
431 2 432
431 3 388
431 1 61
431 1 23
431 1 62
431 1 46
431 1 275
433 2 387
433 2 434
433 3 388
433 1 38
433 1 275
433 1 153
433 1 46
433 1 62
435 2 387
435 2 436
435 3 388
435 1 46
435 1 437
435 1 69
435 1 23
435 1 25
438 2 387
438 2 310
438 3 388
438 1 275
438 1 38
438 1 46
438 1 94
438 1 120
438 0 439
439 5 84
439 5 32
439 5 76
439 5 48
439 5 123
439 6 283
440 2 387
440 2 148
440 3 388
440 1 69
440 1 95
440 1 109
440 1 71
440 1 23
441 2 387
441 2 254
441 3 388
441 1 71
441 1 61
441 1 243
441 1 62
441 1 391
442 2 387
442 2 178
442 3 388
442 1 61
442 1 8
442 1 179
442 1 71
442 1 38
443 2 387
443 2 444
443 3 388
443 1 71
443 1 8
443 1 94
443 1 23
443 1 61
445 2 387
445 2 446
445 3 388
445 1 71
445 1 61
445 1 94
445 1 23
445 1 5
447 2 387
447 2 448
447 3 388
447 1 71
447 1 61
447 1 38
447 1 46
447 1 95
447 0 449
449 5 75
449 5 15
449 5 32
449 5 48
449 5 30
449 5 140
449 5 14
449 6 313
450 2 387
450 2 259
450 3 388
450 1 71
450 1 415
450 1 153
450 1 243
450 1 23
451 2 387
451 2 375
451 3 388
451 1 71
451 1 61
451 1 94
451 1 38
451 1 23
452 2 387
452 2 453
452 3 388
452 1 71
452 1 62
452 1 61
452 1 46
452 1 69
454 2 387
454 2 455
454 3 388
454 1 275
454 1 38
454 1 71
454 1 46
454 1 23
454 0 456
456 5 84
456 5 32
456 5 75
456 5 48
456 5 28
456 5 30
456 5 15
456 5 73
456 5 55
456 5 76
456 6 77
457 2 387
457 2 86
457 3 388
457 1 275
457 1 153
457 1 94
457 1 8
457 1 24
457 0 458
458 5 84
458 5 82
458 5 76
458 5 14
458 5 29
458 5 27
458 5 112
458 5 28
458 5 13
458 6 459
460 2 387
460 2 461
460 3 388
460 1 71
460 1 94
460 1 46
460 1 61
460 1 23
460 0 462
462 5 75
462 5 76
462 5 48
462 5 15
462 5 28
462 5 14
462 5 49
462 5 30
462 5 84
462 5 27
462 6 57
463 2 387
463 2 464
463 3 388
463 1 61
463 1 71
463 1 281
463 1 62
463 1 46
465 2 387
465 2 466
465 3 388
465 1 69
465 1 61
465 1 23
465 1 62
465 1 4
467 2 387
467 2 468
467 3 388
467 1 71
467 1 61
467 1 62
467 1 8
467 1 179
469 2 387
469 2 317
469 3 388
469 1 71
469 1 61
469 1 8
470 2 387
470 2 471
470 3 388
470 1 25
470 1 110
470 1 71
470 1 95
470 1 61
472 2 387
472 2 473
472 3 388
472 1 71
472 1 61
472 1 23
472 1 62
472 1 95
474 2 170
474 2 333
474 3 475
474 1 109
474 1 71
474 1 94
474 1 95
474 1 46
474 0 476
476 5 112
476 5 75
476 5 76
476 5 30
476 5 48
476 5 31
476 5 32
476 5 14
476 6 159
477 2 170
477 2 335
477 3 475
477 1 7
477 1 24
477 1 8
477 1 23
477 1 109
477 0 478
478 5 13
478 5 27
478 5 14
478 5 112
478 5 28
478 5 18
478 5 15
478 5 11
478 5 125
478 5 29
478 6 189
479 2 170
479 2 480
479 3 475
479 1 109
479 1 24
479 1 7
479 1 23
479 1 110
479 0 481
481 5 112
481 5 27
481 5 13
481 5 28
481 5 113
481 5 65
481 5 31
481 5 348
481 5 15
481 6 482
483 2 170
483 2 395
483 3 475
483 1 62
483 1 23
483 1 8
483 1 7
483 1 46
484 2 170
484 2 485
484 3 475
484 1 7
484 1 24
484 1 486
484 1 23
484 1 37
484 0 487
487 5 13
487 5 27
487 5 488
487 5 28
487 5 41
487 5 29
487 5 19
487 5 112
487 5 14
487 5 42
487 6 43
489 2 170
489 2 401
489 3 475
489 1 109
489 1 7
489 1 69
489 1 24
489 1 23
490 2 170
490 2 491
490 3 475
490 1 109
490 1 71
490 1 25
490 1 110
490 1 95
490 0 492
492 5 112
492 5 75
492 5 31
492 5 113
492 5 30
492 5 28
492 5 73
492 5 76
492 5 493
492 5 14
492 6 77
494 2 170
494 2 495
494 3 475
494 1 109
494 1 8
494 1 95
494 1 61
494 1 71
494 0 496
496 5 112
496 5 14
496 5 30
496 5 15
496 5 75
496 5 497
496 6 498
499 2 170
499 2 500
499 3 475
499 1 23
499 1 501
499 1 46
499 1 8
499 1 5
499 0 502
502 5 113
502 5 503
502 5 55
502 5 48
502 5 14
502 5 10
502 5 42
502 5 56
502 5 16
502 5 112
502 6 228
504 2 170
504 2 134
504 3 475
504 1 7
504 1 8
504 1 24
504 1 23
504 1 80
504 0 505
505 5 13
505 5 14
505 5 27
505 5 28
505 5 83
505 5 18
505 5 112
505 5 125
505 6 217
506 2 170
506 2 138
506 3 475
506 1 109
506 1 8
506 1 94
506 1 69
506 1 38
506 0 507
507 5 112
507 5 14
507 5 76
507 5 73
507 5 32
507 5 30
507 5 28
507 5 48
507 5 84
507 5 90
507 6 508
509 2 170
509 2 510
509 3 475
509 1 23
509 1 109
509 1 8
509 0 511
511 5 14
511 5 75
511 5 28
511 5 112
511 5 13
511 5 48
511 5 15
511 5 18
511 6 512
513 2 170
513 2 237
513 3 475
513 1 23
513 1 109
513 1 7
513 1 24
513 1 95
513 0 514
514 5 28
514 5 112
514 5 13
514 5 27
514 5 30
514 6 176
515 2 170
515 2 143
515 3 475
515 1 23
515 1 8
515 1 24
515 1 7
515 1 220
515 0 516
516 5 28
516 5 14
516 5 27
516 5 13
516 5 18
516 5 11
516 6 146
517 2 170
517 2 518
517 3 475
517 1 7
517 1 8
517 1 4
517 1 402
517 0 519
519 5 14
519 5 13
519 5 27
519 5 18
519 5 384
519 5 41
519 5 29
519 5 125
519 5 112
519 5 15
519 6 114
520 2 170
520 2 521
520 3 475
520 1 8
520 1 7
520 1 24
520 1 522
520 1 220
520 0 523
523 5 13
523 5 14
523 5 112
523 5 27
523 5 125
523 5 384
523 5 18
523 5 41
523 5 524
523 5 16
523 6 525
526 2 170
526 2 317
526 3 475
526 1 135
526 1 46
526 1 71
526 1 61
526 1 53
526 0 527
527 5 56
527 5 48
527 5 49
527 5 55
527 5 14
527 5 15
527 5 75
527 5 18
527 5 76
527 6 57
528 2 529
528 2 390
528 3 530
528 1 37
528 1 165
528 1 94
528 1 38
528 1 46
528 0 531
531 5 41
531 5 76
531 5 75
531 5 97
531 5 42
531 5 48
531 5 112
531 5 497
531 5 19
531 5 28
531 6 43
532 2 529
532 2 533
532 3 530
532 1 37
532 1 522
532 1 275
532 1 153
532 1 8
532 0 534
534 5 41
534 5 384
534 5 84
534 5 82
534 5 14
534 5 112
534 5 42
534 5 15
534 5 17
534 5 30
534 6 66
535 2 529
535 2 162
535 3 530
535 1 37
535 1 165
535 1 69
535 1 4
535 1 5
535 0 536
536 5 41
536 5 42
536 5 11
536 5 73
536 5 10
536 5 19
536 5 18
536 5 125
536 5 17
536 6 43
537 2 529
537 2 538
537 3 530
537 1 37
537 1 62
537 1 165
537 1 46
537 1 8
537 0 539
539 5 41
539 5 49
539 5 48
539 5 42
539 5 14
539 5 10
539 5 32
539 5 19
539 5 112
539 6 66
540 2 529
540 2 541
540 3 530
540 1 37
540 1 71
540 1 8
540 1 7
540 1 4
540 1 61
540 0 542
542 5 41
542 5 75
542 5 14
542 5 13
542 5 11
542 5 15
542 5 48
542 5 42
542 5 91
542 5 27
542 6 33
543 2 529
543 2 544
543 3 530
543 1 37
543 1 5
543 1 4
543 1 165
543 1 36
545 2 529
545 2 138
545 3 530
545 1 23
545 1 46
545 1 38
545 1 8
545 1 24
545 0 546
546 5 28
546 5 48
546 5 32
546 5 14
546 5 27
546 5 76
546 5 13
546 6 132
547 2 529
547 2 246
547 3 530
547 1 8
547 1 37
547 1 220
547 1 548
547 1 165
547 0 549
549 5 14
549 5 41
549 5 18
549 5 125
549 5 42
549 5 17
549 5 48
549 5 84
549 5 19
549 5 32
549 6 43
550 2 529
550 2 86
550 3 530
550 1 37
550 1 71
550 1 8
550 1 7
550 1 4
550 0 542
551 2 552
551 2 330
551 3 553
551 1 69
551 1 38
551 1 554
551 1 120
551 1 94
555 2 552
555 2 395
555 3 553
555 1 23
555 1 71
555 1 69
555 1 38
555 1 8
556 2 552
556 2 557
556 3 553
556 1 4
556 1 46
556 1 5
556 1 62
556 1 53
556 0 558
558 5 11
558 5 49
558 5 10
558 5 48
558 5 55
558 5 27
558 5 15
558 5 16
558 5 18
558 5 13
558 6 114
559 2 552
559 2 560
559 3 553
559 1 23
559 1 109
559 1 94
559 1 71
559 1 46
561 2 552
561 2 134
561 3 553
561 1 4
561 1 46
561 1 8
561 1 7
561 1 80
561 0 562
562 5 48
562 5 11
562 5 14
562 5 13
562 5 83
562 5 49
562 5 32
562 5 27
562 5 384
562 5 29
562 6 217
563 2 552
563 2 292
563 3 553
563 1 38
563 1 46
563 1 69
563 1 53
563 1 220
563 0 564
564 5 32
564 5 48
564 5 73
564 5 18
564 5 55
564 5 14
564 5 42
564 5 15
564 6 132
565 2 552
565 2 138
565 3 553
565 1 62
565 1 8
565 1 46
565 1 4
565 1 24
566 2 552
566 2 510
566 3 553
566 1 46
566 1 8
566 1 23
566 1 109
566 1 71
567 2 552
567 2 86
567 3 553
567 1 5
567 1 4
567 1 37
567 1 8
567 1 36
567 0 568
568 5 10
568 5 41
568 5 11
568 5 14
568 5 19
568 5 84
568 5 82
568 5 27
568 5 16
568 5 42
568 6 66
569 2 552
569 2 317
569 3 553
569 1 46
569 1 135
569 1 94
569 1 38
569 1 149
570 2 552
570 2 471
570 3 553
570 1 7
570 1 24
570 1 38
570 1 23
570 1 25
571 2 552
571 2 572
571 3 553
571 1 69
571 1 8
571 1 61
571 1 62
571 1 46
573 2 574
573 2 326
573 3 575
573 1 5
573 1 153
573 1 71
573 1 94
573 1 4
576 2 574
576 2 577
576 3 575
576 1 4
576 1 37
576 1 153
576 1 6
576 1 5
576 0 578
578 5 41
578 5 11
578 5 82
578 5 12
578 5 84
578 5 64
578 5 49
578 5 10
578 5 15
578 5 42
578 6 20
579 2 574
579 2 162
579 3 575
579 1 8
579 1 153
579 1 4
579 1 7
579 1 62
579 0 580
580 5 14
580 5 82
580 5 11
580 5 13
580 5 49
580 5 16
580 5 27
580 5 10
580 5 48
580 5 15
580 6 66
581 2 574
581 2 182
581 3 575
581 1 23
581 1 8
581 1 24
581 1 7
581 1 4
582 2 574
582 2 170
582 3 575
582 1 522
582 1 153
582 1 8
582 1 4
582 1 165
583 2 574
583 2 357
583 3 575
583 1 23
583 1 153
583 1 8
583 1 24
583 1 584
583 0 585
585 5 28
585 5 82
585 5 27
585 5 13
585 5 14
585 6 586
587 2 574
587 2 436
587 3 575
587 1 71
587 1 61
587 1 38
587 1 46
587 1 95
587 0 588
588 5 14
588 5 49
588 5 15
588 5 82
588 5 48
588 6 20
589 2 574
589 2 246
589 3 575
589 1 8
589 1 62
589 1 5
589 1 522
589 1 46
590 2 574
590 2 455
590 3 575
590 1 275
590 1 153
590 1 135
590 1 46
590 1 94
590 0 591
591 5 84
591 5 82
591 5 56
591 5 48
591 5 76
591 5 75
591 5 15
591 6 20
592 2 574
592 2 593
592 3 575
592 1 110
592 1 25
592 1 23
592 1 109
592 1 4
592 0 594
594 5 32
594 5 82
594 5 48
594 5 27
594 5 42
594 6 20
595 2 574
595 2 86
595 3 575
595 1 153
595 1 4
595 1 24
595 1 179
595 1 382
596 2 574
596 2 597
596 3 575
596 1 5
596 1 153
596 1 4
596 1 36
596 1 275
598 2 574
598 2 599
598 3 575
598 1 522
598 1 94
598 1 24
598 1 62
598 1 153
600 2 574
600 2 468
600 3 575
600 1 62
600 1 153
600 1 8
600 1 4
600 1 24
600 0 601
601 5 49
601 5 11
601 5 82
601 5 14
601 5 48
601 5 27
601 5 16
601 5 13
601 5 91
601 6 214
602 2 574
602 2 603
602 3 575
602 1 71
602 1 38
602 1 94
602 1 46
602 1 179
604 2 605
604 2 326
604 3 606
604 1 275
604 1 153
604 1 4
604 1 5
604 1 94
604 0 607
607 5 84
607 5 82
607 5 10
607 5 11
607 5 42
607 5 91
607 5 76
607 5 41
607 5 16
607 5 384
607 6 608
609 2 605
609 2 1
609 3 606
609 1 275
609 1 5
609 1 71
609 1 38
609 1 256
609 0 610
610 5 84
610 5 10
610 5 32
610 5 65
610 5 75
610 5 82
610 5 11
610 5 76
610 5 48
610 5 42
610 6 608
611 2 605
611 2 212
611 3 606
611 1 275
611 1 71
611 1 94
611 1 8
611 1 256
611 0 612
612 5 84
612 5 75
612 5 76
612 5 14
612 5 65
612 5 49
612 5 30
612 5 15
612 5 17
612 5 16
612 6 283
613 2 605
613 2 614
613 3 606
613 1 275
613 1 46
613 1 94
613 1 135
613 1 8
613 0 615
615 5 84
615 5 28
615 5 32
615 5 76
615 5 73
615 5 17
615 5 48
615 5 27
615 6 283
616 2 605
616 2 617
616 3 606
616 1 275
616 1 62
616 1 618
616 1 94
616 1 46
616 0 619
619 5 84
619 5 49
619 5 620
619 5 76
619 5 48
619 5 32
619 5 11
619 5 10
619 5 15
619 6 621
622 2 605
622 2 623
622 3 606
622 1 94
622 1 275
622 1 95
622 1 71
622 1 38
622 0 624
624 5 76
624 5 84
624 5 30
624 5 75
624 5 32
624 5 28
624 5 48
624 5 15
624 6 283
625 2 605
625 2 285
625 3 606
625 1 94
625 1 626
625 1 23
625 1 5
625 1 38
625 0 627
627 5 76
627 5 75
627 5 28
627 5 10
627 5 14
627 5 32
627 5 15
627 5 30
627 5 31
627 5 27
627 6 77
628 2 605
628 2 629
628 3 606
628 1 275
628 1 38
628 1 24
628 1 46
628 1 94
628 0 630
630 5 84
630 5 32
630 5 27
630 5 28
630 5 13
630 5 48
630 5 76
630 6 283
631 2 605
631 2 632
631 3 606
631 1 275
631 1 94
631 1 38
631 0 633
633 5 84
633 5 32
633 5 48
633 5 76
633 5 73
633 6 132
634 2 605
634 2 357
634 3 606
634 1 23
634 1 69
634 1 24
634 1 7
634 0 635
635 5 10
635 5 48
635 5 27
635 5 14
635 5 56
635 5 17
635 5 18
635 5 11
635 5 55
635 5 13
635 6 636
637 2 605
637 2 298
637 3 606
637 1 275
637 1 94
637 1 23
637 1 71
637 1 38
637 0 638
638 5 84
638 5 76
638 5 28
638 5 75
638 5 32
638 5 13
638 5 48
638 6 283
639 2 605
639 2 640
639 3 606
639 1 275
639 1 548
639 1 94
639 1 38
639 1 220
639 0 641
641 5 84
641 5 125
641 5 76
641 5 18
641 5 32
641 5 28
641 5 14
641 5 10
641 5 48
641 6 642
643 2 605
643 2 644
643 3 606
643 1 8
643 1 46
643 1 275
643 1 4
643 1 149
643 0 645
645 5 14
645 5 48
645 5 84
645 5 11
645 5 97
645 5 55
645 5 10
645 5 13
645 5 15
645 5 76
645 6 151
646 2 605
646 2 310
646 3 606
646 1 275
646 1 46
646 1 71
646 1 109
646 1 8
646 0 647
647 5 84
647 5 48
647 5 55
647 5 112
647 5 32
647 5 14
647 5 76
647 5 75
647 5 18
647 5 113
647 6 283
648 2 605
648 2 649
648 3 606
648 1 94
648 1 8
648 1 61
648 1 23
648 1 46
648 0 650
650 5 76
650 5 14
650 5 30
650 5 15
650 5 28
650 5 48
650 5 32
650 5 84
650 5 75
650 6 651
652 2 605
652 2 653
652 3 606
652 1 94
652 1 256
652 1 8
652 1 5
652 1 62
654 2 605
654 2 655
654 3 606
654 1 62
654 1 275
654 1 61
654 1 46
654 1 38
654 0 656
656 5 84
656 5 49
656 5 48
656 5 32
656 5 76
656 5 14
656 5 28
656 5 15
656 6 657
658 2 605
658 2 317
658 3 606
658 1 46
658 1 275
658 1 135
658 1 94
658 1 53
658 0 659
659 5 48
659 5 56
659 5 76
659 5 55
659 5 84
659 5 75
659 5 32
659 5 73
659 5 18
659 6 283
660 2 661
660 2 333
660 3 662
660 1 71
660 1 61
660 1 23
660 1 8
660 1 256
660 0 663
663 5 28
663 5 73
663 5 30
663 5 32
663 5 13
663 6 189
664 2 661
664 2 665
664 3 662
664 1 62
664 1 5
664 1 46
664 1 666
664 0 667
667 5 49
667 5 10
667 5 48
667 5 14
667 5 73
667 5 11
667 5 16
667 6 57
668 2 661
668 2 669
668 3 662
668 1 8
668 1 358
668 1 5
668 1 4
668 1 165
668 0 670
670 5 10
670 5 89
670 5 11
670 5 14
670 5 32
670 5 42
670 5 90
670 5 75
670 5 91
670 5 73
670 6 57
671 2 661
671 2 207
671 3 662
671 1 62
671 1 61
671 1 391
671 1 4
671 1 46
671 0 672
672 5 64
672 5 48
672 5 10
672 5 15
672 5 49
672 5 32
672 5 11
672 5 16
672 6 214
673 2 661
673 2 212
673 3 662
673 1 23
673 1 71
673 1 62
673 1 7
673 1 354
673 0 674
674 5 28
674 5 75
674 5 49
674 5 65
674 5 13
674 5 15
674 5 48
674 5 73
674 5 84
674 5 14
674 6 77
675 2 661
675 2 108
675 3 662
675 1 23
675 1 70
675 1 71
675 1 676
675 0 677
677 5 28
677 5 74
677 5 76
677 5 75
677 5 30
677 5 15
677 5 11
677 5 140
677 5 14
677 5 73
677 6 678
679 2 661
679 2 680
679 3 662
679 1 272
679 1 62
679 1 179
679 1 37
679 1 69
679 0 681
681 5 48
681 5 49
681 5 17
681 5 41
681 5 73
681 5 28
681 5 14
681 5 42
681 5 32
681 5 11
681 6 283
682 2 661
682 2 683
682 3 662
682 1 8
682 1 62
682 1 7
682 1 354
682 1 71
682 0 684
684 5 14
684 5 49
684 5 13
684 5 65
684 5 75
684 5 112
684 5 76
684 5 84
684 5 17
684 5 18
684 6 313
685 2 661
685 2 280
685 3 662
685 1 281
685 1 686
685 1 687
685 0 688
688 5 112
688 5 75
688 5 31
688 5 113
688 5 30
688 5 28
688 5 73
688 5 76
688 5 27
688 5 14
688 6 77
689 2 661
689 2 413
689 3 662
689 1 61
689 1 414
689 1 690
689 0 691
691 5 15
691 5 692
691 5 75
691 5 49
691 5 84
691 5 89
691 6 678
693 2 661
693 2 617
693 3 662
693 1 4
693 1 618
693 1 71
693 1 8
693 1 46
694 2 661
694 2 695
694 3 662
694 1 8
694 1 4
694 1 61
694 1 618
694 1 7
694 0 696
696 5 14
696 5 11
696 5 620
696 5 15
696 5 13
696 5 48
696 5 32
696 5 10
696 5 28
696 5 49
696 6 214
697 2 661
697 2 698
697 3 662
697 1 61
697 1 699
697 1 700
697 0 701
701 5 15
701 5 49
701 5 702
701 5 11
701 5 10
701 5 12
701 5 17
701 5 703
701 5 13
701 5 497
701 6 235
704 2 661
704 2 705
704 3 662
704 1 62
704 1 61
704 1 706
704 1 71
704 1 69
704 0 707
707 5 49
707 5 15
707 5 620
707 5 75
707 5 73
707 5 11
707 5 112
707 5 28
707 5 14
707 5 30
707 6 678
708 2 661
708 2 285
708 3 662
708 1 60
708 1 709
708 1 710
708 0 711
711 5 64
711 5 49
711 5 15
711 5 76
711 5 48
711 5 16
711 5 17
711 5 32
711 5 28
711 5 84
711 6 57
712 2 661
712 2 22
712 3 662
712 1 4
712 1 8
712 1 5
712 1 62
712 1 46
712 0 713
713 5 14
713 5 11
713 5 49
713 5 10
713 5 48
713 5 28
713 5 32
713 5 91
713 5 27
713 5 84
713 6 57
714 2 661
714 2 715
714 3 662
714 1 71
714 1 200
714 1 94
714 0 716
716 5 75
716 5 15
716 5 140
716 5 30
716 5 76
716 5 28
716 5 48
716 6 77
717 2 661
717 2 446
717 3 662
717 1 61
717 1 23
717 1 94
717 1 71
717 1 243
717 0 718
718 5 15
718 5 28
718 5 76
718 5 75
718 5 140
718 5 73
718 5 48
718 5 497
718 6 77
719 2 661
719 2 720
719 3 662
719 1 721
719 1 8
719 1 36
719 1 61
719 1 70
719 0 722
722 5 497
722 5 14
722 5 19
722 6 214
723 2 661
723 2 68
723 3 662
723 1 61
723 1 724
723 1 725
723 0 726
726 5 15
726 5 75
726 5 55
726 5 49
726 5 48
726 5 10
726 5 56
726 5 18
726 5 13
726 6 214
727 2 661
727 2 453
727 3 662
727 1 95
727 1 71
727 1 728
727 1 61
727 1 109
727 0 729
729 5 75
729 5 15
729 5 112
729 5 13
729 5 30
729 5 14
729 5 76
729 5 49
729 5 64
729 5 48
729 6 214
730 2 661
730 2 731
730 3 662
730 1 8
730 1 94
730 1 23
730 1 109
730 1 69
730 0 732
732 5 76
732 5 30
732 5 75
732 5 32
732 5 31
732 5 84
732 5 48
732 5 112
732 5 49
732 6 77
733 2 661
733 2 86
733 3 662
733 1 5
733 1 256
733 1 7
733 1 165
733 1 69
733 0 734
734 5 14
734 5 10
734 5 11
734 5 91
734 5 27
734 5 13
734 5 73
734 5 42
734 5 30
734 6 57
735 2 661
735 2 597
735 3 662
735 1 60
735 1 736
735 1 737
735 0 738
738 5 64
738 5 49
738 5 15
738 5 28
738 5 14
738 5 48
738 5 16
738 5 11
738 6 739
740 2 661
740 2 741
740 3 662
740 1 62
740 1 110
740 1 38
740 1 25
740 1 46
740 0 742
742 5 28
742 5 76
742 5 73
742 5 15
742 5 27
742 5 112
742 6 77
743 2 661
743 2 744
743 3 662
743 1 71
743 1 61
743 1 94
743 0 745
745 5 75
745 5 15
745 5 76
745 5 28
745 5 30
745 6 77
746 2 661
746 2 747
746 3 662
746 1 61
746 1 748
746 1 749
746 0 750
750 5 15
750 5 76
750 5 75
750 5 28
750 5 64
750 5 30
750 5 31
750 5 48
750 5 32
750 6 77
751 2 661
751 2 752
751 3 662
751 1 8
751 1 5
751 1 60
751 1 753
751 1 61
751 0 754
754 5 14
754 5 10
754 5 64
754 5 755
754 5 15
754 5 48
754 5 32
754 5 84
754 5 49
754 5 90
754 6 214
756 2 661
756 2 757
756 3 662
756 1 61
756 1 758
756 1 759
756 0 760
760 5 15
760 5 55
760 5 14
760 5 48
760 5 32
760 5 76
760 5 702
760 5 18
760 6 678
761 2 661
761 2 572
761 3 662
761 1 61
761 1 762
761 1 758
761 0 763
763 5 15
763 5 49
763 5 75
763 5 17
763 5 14
763 5 73
763 5 48
763 5 55
763 5 18
763 5 11
763 6 678
764 2 765
764 2 529
764 3 766
764 1 69
764 1 767
764 1 37
764 1 165
764 1 94
768 2 765
768 2 183
768 3 766
768 1 69
768 1 70
768 1 61
768 1 8
768 1 94
769 2 765
769 2 330
769 3 766
769 1 69
769 1 120
769 1 38
769 1 23
769 1 95
769 0 770
770 5 123
770 5 73
770 5 32
770 5 28
770 5 30
770 5 48
770 5 76
770 5 15
770 5 27
770 5 14
770 6 771
772 2 765
772 2 773
772 3 766
772 1 69
772 1 61
772 1 62
772 1 767
772 1 358
774 2 765
774 2 775
774 3 766
774 1 94
774 1 69
774 1 24
774 1 109
774 1 38
774 0 776
776 5 48
776 5 32
776 5 112
776 5 31
776 5 15
776 5 75
776 5 11
776 6 777
778 2 765
778 2 100
778 3 766
778 1 69
778 1 109
778 1 95
778 1 275
778 1 8
778 0 779
779 5 73
779 5 112
779 5 30
779 5 84
779 5 14
779 5 28
779 5 82
779 5 76
779 5 32
779 6 283
780 2 765
780 2 207
780 3 766
780 1 69
780 1 23
780 1 95
780 1 61
780 1 8
780 0 781
781 5 76
781 5 73
781 5 97
781 5 30
781 5 112
781 5 15
781 5 48
781 5 28
781 6 283
782 2 765
782 2 783
782 3 766
782 1 69
782 1 109
782 1 95
782 1 24
782 1 94
784 2 765
784 2 285
784 3 766
784 1 7
784 1 24
784 1 8
784 1 402
784 1 80
784 0 785
785 5 13
785 5 27
785 5 14
785 5 29
785 5 83
785 5 75
785 5 113
785 5 10
785 5 32
785 6 217
786 2 765
786 2 787
786 3 766
786 1 61
786 1 71
786 1 69
786 1 721
786 1 179
786 0 788
788 5 49
788 5 620
788 5 73
788 5 11
788 5 15
788 5 28
788 5 48
788 6 678
789 2 765
789 2 22
789 3 766
789 1 69
789 1 4
789 1 23
789 1 767
789 1 8
789 0 790
790 5 73
790 5 28
790 5 27
790 5 168
790 5 30
790 5 14
790 5 48
790 5 42
790 5 49
790 6 283
791 2 765
791 2 792
791 3 766
791 1 69
791 1 46
791 1 95
791 1 94
791 1 354
791 0 793
793 5 73
793 5 48
793 5 30
793 5 76
793 5 65
793 5 112
793 5 32
793 5 113
793 5 31
793 5 75
793 6 508
794 2 765
794 2 298
794 3 766
794 1 71
794 1 69
794 1 8
794 1 23
794 1 46
794 0 795
795 5 75
795 5 73
795 5 14
795 5 28
795 5 48
795 5 32
795 5 84
795 5 76
795 5 140
795 5 10
795 6 77
796 2 765
796 2 427
796 3 766
796 1 94
796 1 95
796 1 69
796 1 110
796 1 25
796 0 797
797 5 76
797 5 30
797 5 73
797 5 113
797 5 31
797 5 84
797 6 508
798 2 765
798 2 303
798 3 766
798 1 23
798 1 69
798 1 94
798 1 61
798 1 38
798 0 799
799 5 28
799 5 73
799 5 76
799 5 15
799 5 32
799 5 49
799 5 48
799 5 17
799 6 283
800 2 765
800 2 52
800 3 766
800 1 69
800 1 23
800 1 38
800 1 46
800 1 275
800 0 801
801 5 73
801 5 28
801 5 32
801 5 48
801 5 84
801 5 76
801 5 42
801 6 283
802 2 765
802 2 143
802 3 766
802 1 69
802 1 5
802 1 71
802 1 61
802 1 23
802 0 803
803 5 73
803 5 10
803 5 28
803 5 75
803 5 15
803 5 48
803 5 11
803 5 49
803 5 32
803 5 42
803 6 151
804 2 765
804 2 805
804 3 766
804 1 69
804 1 767
804 1 8
804 1 61
804 1 149
804 0 806
806 5 73
806 5 168
806 5 15
806 5 49
806 5 14
806 5 48
806 5 97
806 5 42
806 5 28
806 5 75
806 6 132
807 2 765
807 2 310
807 3 766
807 1 69
807 1 179
807 1 7
807 1 23
807 1 61
808 2 765
808 2 148
808 3 766
808 1 69
808 1 71
808 1 62
808 1 8
808 1 23
808 0 809
809 5 73
809 5 75
809 5 49
809 5 14
809 5 28
809 5 15
809 5 10
809 5 27
809 5 48
809 5 16
809 6 77
810 2 765
810 2 248
810 3 766
810 1 69
810 1 94
810 1 95
810 1 71
810 1 23
810 1 38
811 2 765
811 2 812
811 3 766
811 1 46
811 1 53
811 1 62
811 1 8
811 1 358
813 2 765
813 2 178
813 3 766
813 1 94
813 1 69
813 1 95
813 1 109
813 1 275
813 0 814
814 5 76
814 5 73
814 5 30
814 5 112
814 5 84
814 5 65
814 5 14
814 5 48
814 6 283
815 2 765
815 2 816
815 3 766
815 1 23
815 1 94
815 1 8
815 1 24
815 1 71
817 2 765
817 2 818
817 3 766
817 1 69
817 1 94
817 1 767
817 1 275
817 1 23
817 0 819
819 5 73
819 5 76
819 5 84
819 5 168
819 5 28
819 5 48
819 5 32
819 5 112
819 6 283
820 2 765
820 2 455
820 3 766
820 1 275
820 1 69
820 1 38
820 1 71
820 1 354
820 0 821
821 5 84
821 5 32
821 5 75
821 5 10
821 5 65
821 5 140
821 5 168
821 5 73
821 5 30
821 5 48
821 6 57
822 2 765
822 2 823
822 3 766
822 1 23
822 1 69
822 1 110
822 1 25
822 1 61
822 0 824
824 5 28
824 5 73
824 5 31
824 5 113
824 5 76
824 5 15
824 5 168
824 5 13
824 5 27
824 5 32
824 6 77
825 2 765
825 2 826
825 3 766
825 1 94
825 1 69
825 1 23
825 1 275
825 1 71
825 0 827
827 5 76
827 5 73
827 5 28
827 5 84
827 5 75
827 5 65
827 5 42
827 6 77
828 2 765
828 2 829
828 3 766
828 1 830
828 0 831
831 5 73
831 5 168
831 5 76
831 5 42
831 5 112
831 6 283
832 2 765
832 2 747
832 3 766
832 1 94
832 1 69
832 1 95
832 1 25
832 1 23
832 0 833
833 5 76
833 5 73
833 5 30
833 5 31
833 5 28
833 5 15
833 5 75
833 5 32
833 5 48
833 6 777
834 2 765
834 2 471
834 3 766
834 1 69
834 1 110
834 1 25
834 1 71
834 1 95
835 2 765
835 2 572
835 3 766
835 1 69
835 1 767
835 1 62
835 1 8
835 1 61
836 2 468
836 2 390
836 3 837
836 1 62
836 1 46
836 1 71
836 1 61
836 1 721
836 0 838
838 5 49
838 5 48
838 5 14
838 5 32
838 5 10
838 5 15
838 6 214
839 2 468
839 2 840
839 3 837
839 1 61
839 1 841
839 1 842
839 1 843
839 0 844
844 5 15
844 5 620
844 5 49
844 5 75
844 5 11
844 5 48
844 5 12
844 5 64
844 5 14
844 5 10
844 6 845
846 2 468
846 2 847
846 3 837
846 1 94
846 1 62
846 1 243
846 1 414
846 1 71
846 0 848
848 5 28
848 5 73
848 5 112
848 5 18
848 5 30
848 5 17
848 5 32
848 5 125
848 5 14
848 6 176
849 2 468
849 2 357
849 3 837
849 1 62
849 1 46
849 0 850
850 5 49
850 5 48
850 5 15
850 5 75
850 5 73
850 5 14
850 5 32
850 5 10
850 5 16
850 6 214
851 2 468
851 2 138
851 3 837
851 1 62
851 1 69
851 1 61
851 1 767
851 1 149
851 0 852
852 5 49
852 5 73
852 5 15
852 5 168
852 5 97
852 5 28
852 5 10
852 5 123
852 5 65
852 6 57
853 2 468
853 2 854
853 3 837
853 1 61
853 1 721
853 1 62
853 1 46
853 0 855
855 6 856
857 2 468
857 2 434
857 3 837
857 1 62
857 1 46
857 1 38
857 1 61
857 0 858
858 5 49
858 5 48
858 5 32
858 5 15
858 5 16
858 6 214
859 2 468
859 2 860
859 3 837
859 1 62
859 1 272
859 1 61
859 1 23
859 1 71
859 0 861
861 5 49
861 5 48
861 5 15
861 5 28
861 5 75
861 5 76
861 5 14
861 5 27
861 5 32
861 5 65
861 6 214
862 2 468
862 2 863
862 3 837
862 1 62
862 1 6
862 1 4
862 1 61
862 1 23
862 0 864
864 5 49
864 5 12
864 5 11
864 5 15
864 5 28
864 5 620
864 5 48
864 5 75
864 6 214
865 2 468
865 2 148
865 3 837
865 1 61
865 1 866
865 1 867
865 0 868
868 5 15
868 5 75
868 5 49
868 5 64
868 5 11
868 5 16
868 5 14
868 5 140
868 5 17
868 5 10
868 6 214
869 2 468
869 2 178
869 3 837
869 1 62
869 1 706
869 1 61
869 1 69
869 1 4
869 0 870
870 5 49
870 5 620
870 5 15
870 5 73
870 5 11
870 5 65
870 5 14
870 5 75
870 5 16
870 5 48
870 6 214
871 2 468
871 2 829
871 3 837
871 1 69
871 1 767
871 1 23
871 1 165
871 1 62
871 0 872
872 5 73
872 5 168
872 5 28
872 5 42
872 5 49
872 6 283
873 2 468
873 2 263
873 3 837
873 1 62
873 1 157
873 1 69
873 1 8
873 1 5
873 0 874
874 5 49
874 5 141
874 5 73
874 5 14
874 5 10
874 5 48
874 5 28
874 5 16
874 5 104
874 5 27
874 6 57
875 2 876
875 2 877
875 3 878
875 1 4
875 1 7
875 1 24
875 1 37
875 1 879
875 0 880
880 5 27
880 5 13
880 5 41
880 5 11
880 5 881
880 5 14
880 5 42
880 5 30
880 5 19
880 5 29
880 6 146
882 2 876
882 2 207
882 3 878
882 1 95
882 1 61
882 1 8
882 1 23
882 1 80
882 0 883
883 5 27
883 5 14
883 5 15
883 5 28
883 5 83
883 5 82
883 5 13
883 5 90
883 6 66
884 2 876
884 2 885
884 3 878
884 1 4
884 1 346
884 1 23
884 1 5
884 1 8
884 0 886
886 5 11
886 5 50
886 5 28
886 5 10
886 5 14
886 5 41
886 5 84
886 5 42
886 5 112
886 5 17
886 6 146
887 2 876
887 2 888
887 3 878
887 1 8
887 1 4
887 1 61
887 1 62
887 1 5
887 0 889
889 5 14
889 5 11
889 5 15
889 5 49
889 5 50
889 5 10
889 5 48
889 6 214
890 2 876
890 2 417
890 3 878
890 1 71
890 1 6
890 1 4
890 1 62
890 1 61
890 0 891
891 5 11
891 5 12
891 5 49
891 5 75
891 5 15
891 5 14
891 5 17
891 5 84
891 5 48
891 5 65
891 6 132
892 2 876
892 2 22
892 3 878
892 1 4
892 1 23
892 1 7
892 1 24
892 1 8
892 0 893
893 5 27
893 5 28
893 5 13
893 5 11
893 5 14
893 5 30
893 5 49
893 5 113
893 5 112
893 6 228
894 2 876
894 2 127
894 3 878
894 1 23
894 1 7
894 1 8
894 1 24
894 1 5
894 0 895
895 5 28
895 5 13
895 5 14
895 5 27
895 5 112
895 5 10
895 5 75
895 5 18
895 5 42
895 6 217
896 2 876
896 2 529
896 3 878
896 1 23
896 1 24
896 1 4
896 1 8
896 1 71
897 2 876
897 2 898
897 3 878
897 1 8
897 1 71
897 1 7
897 1 94
897 1 220
899 2 876
899 2 143
899 3 878
899 1 23
899 1 8
899 1 24
899 1 7
899 1 220
900 2 876
900 2 246
900 3 878
900 1 23
900 1 4
900 1 179
900 1 8
900 1 901
902 2 876
902 2 148
902 3 878
902 1 71
902 1 5
902 1 46
902 1 61
902 1 38
902 0 903
903 5 75
903 5 10
903 5 48
903 5 32
903 5 15
903 5 28
903 5 56
903 5 84
903 5 19
903 5 30
903 6 57
904 2 876
904 2 905
904 3 878
904 1 8
904 1 7
904 1 24
904 1 23
904 1 46
904 0 906
906 5 14
906 5 13
906 5 27
906 5 28
906 5 48
906 5 49
906 5 10
906 5 16
906 5 11
906 6 114
907 2 876
907 2 178
907 3 878
907 1 61
907 1 275
907 1 94
907 1 721
907 1 38
907 0 908
908 5 15
908 5 84
908 5 76
908 5 497
908 5 32
908 5 30
908 5 65
908 5 620
908 6 77
909 2 876
909 2 446
909 3 878
909 1 71
909 1 62
909 1 61
909 1 4
909 1 23
909 0 910
910 5 75
910 5 49
910 5 11
910 5 15
910 5 28
910 5 50
910 5 48
910 5 10
910 5 14
910 5 73
910 6 217
911 2 876
911 2 317
911 3 878
911 1 5
911 1 46
911 1 24
911 1 8
911 1 179
912 2 913
912 2 187
912 3 914
912 1 23
912 1 8
912 1 5
912 1 179
912 1 220
912 0 915
915 5 28
915 5 14
915 5 10
915 5 18
915 5 17
915 5 13
915 5 83
915 5 11
915 5 104
915 5 16
915 6 114
916 2 913
916 2 1
916 3 914
916 1 8
916 1 4
916 1 24
916 1 23
916 1 37
916 0 917
917 5 14
917 5 27
917 5 11
917 5 28
917 5 41
917 5 29
917 5 19
917 6 222
918 2 913
918 2 192
918 3 914
918 1 71
918 1 8
918 1 61
918 1 4
918 1 153
919 2 913
919 2 577
919 3 914
919 1 8
919 1 23
919 1 71
919 1 548
919 1 220
919 0 920
920 5 14
920 5 28
920 5 75
920 5 125
920 5 18
920 5 76
920 5 15
920 5 48
920 5 11
920 5 17
920 6 151
921 2 913
921 2 195
921 3 914
921 1 23
921 1 8
921 1 37
921 1 179
921 1 7
921 0 922
922 5 28
922 5 41
922 5 14
922 5 27
922 5 13
922 5 42
922 6 43
923 2 913
923 2 335
923 3 914
923 1 23
923 1 24
923 1 4
923 1 8
923 1 7
923 0 924
924 5 11
924 5 27
924 5 13
924 5 14
924 5 28
924 5 113
924 5 50
924 5 48
924 5 112
924 5 32
924 6 235
925 2 913
925 2 100
925 3 914
925 1 23
925 1 37
925 1 7
925 1 5
925 1 8
925 0 926
926 5 28
926 5 13
926 5 41
926 5 10
926 5 14
926 5 112
926 5 27
926 5 42
926 5 15
926 5 49
926 6 235
927 2 913
927 2 395
927 3 914
927 1 71
927 1 7
927 1 24
927 1 5
927 1 8
927 0 928
928 5 75
928 5 13
928 5 27
928 5 10
928 5 14
928 5 65
928 5 11
928 5 49
928 5 28
928 5 76
928 6 235
929 2 913
929 2 557
929 3 914
929 1 7
929 1 24
929 1 38
929 1 80
929 1 8
930 2 913
930 2 614
930 3 914
930 1 5
930 1 4
930 1 61
930 1 46
930 1 8
930 0 931
931 5 10
931 5 11
931 5 15
931 5 48
931 5 14
931 5 49
931 5 84
931 5 73
931 5 76
931 5 42
931 6 33
932 2 913
932 2 162
932 3 914
932 1 4
932 1 8
932 1 346
932 1 7
932 1 220
933 2 913
933 2 408
933 3 914
933 1 522
933 1 61
933 1 346
933 1 4
933 1 8
933 0 934
934 5 384
934 5 50
934 5 15
934 5 11
934 5 14
934 5 41
934 5 83
934 5 10
934 5 125
934 5 42
934 6 33
935 2 913
935 2 119
935 3 914
935 1 8
935 1 24
935 1 7
935 1 38
935 1 109
935 0 936
936 5 14
936 5 27
936 5 13
936 5 28
936 5 112
936 5 32
936 5 48
936 5 30
936 5 123
936 5 18
936 6 228
937 2 913
937 2 938
937 3 914
937 1 109
937 1 8
937 1 23
937 1 5
937 1 24
937 0 939
939 5 112
939 5 14
939 5 28
939 5 10
939 5 27
939 5 30
939 5 41
939 5 113
939 6 228
940 2 913
940 2 941
940 3 914
940 1 7
940 1 8
940 1 942
940 1 23
940 1 25
940 0 943
943 5 13
943 5 14
943 5 27
943 5 28
943 5 31
943 5 104
943 5 75
943 5 113
943 5 30
943 5 15
943 6 498
944 2 913
944 2 22
944 3 914
944 1 4
944 1 7
944 1 23
944 1 102
944 1 8
944 0 945
945 5 27
945 5 13
945 5 28
945 5 30
945 5 104
945 5 14
945 5 112
945 6 114
946 2 913
946 2 127
946 3 914
946 1 23
946 1 8
946 1 7
946 1 37
946 1 24
946 0 947
947 5 28
947 5 13
947 5 27
947 5 14
947 5 112
947 5 113
947 5 41
947 5 31
947 5 75
947 5 48
947 6 948
949 2 913
949 2 950
949 3 914
949 1 109
949 1 7
949 1 8
949 1 46
949 1 80
949 0 951
951 5 112
951 5 13
951 5 14
951 5 48
951 5 27
951 5 83
951 5 32
951 5 28
951 5 76
951 5 15
951 6 132
952 2 913
952 2 35
952 3 914
952 1 5
952 1 23
952 1 8
952 1 153
952 1 24
952 0 953
953 5 28
953 5 41
953 5 14
953 5 27
953 5 13
953 5 42
953 6 43
954 2 913
954 2 134
954 3 914
954 1 7
954 1 109
954 1 8
954 1 80
954 1 37
954 0 955
955 5 13
955 5 14
955 5 112
955 5 83
955 5 73
955 5 41
955 5 32
955 5 48
955 5 27
955 6 114
956 2 913
956 2 357
956 3 914
956 1 7
956 1 8
956 1 24
956 1 23
956 1 80
956 0 957
957 5 13
957 5 14
957 5 27
957 5 28
957 5 83
957 5 18
957 5 112
957 5 125
957 6 217
958 2 913
958 2 138
958 3 914
958 1 23
958 1 8
958 1 7
958 1 46
958 1 38
958 0 959
959 5 28
959 5 14
959 5 13
959 5 48
959 5 32
959 5 56
959 5 10
959 5 11
959 5 49
959 5 15
959 6 217
960 2 913
960 2 237
960 3 914
960 1 23
960 1 8
960 1 4
960 1 7
960 1 5
960 0 961
961 5 28
961 5 14
961 5 27
961 5 13
961 5 10
961 5 19
961 5 16
961 5 11
961 5 112
961 5 30
961 6 114
962 2 913
962 2 963
962 3 914
962 1 8
962 1 24
962 1 38
962 1 7
962 1 95
962 0 964
964 5 14
964 5 27
964 5 32
964 5 13
964 5 30
964 5 524
964 5 16
964 5 28
964 5 48
964 5 10
964 6 228
965 2 913
965 2 368
965 3 914
965 1 4
965 1 24
965 1 8
965 1 7
965 1 80
965 0 966
966 5 14
966 5 11
966 5 10
966 5 84
966 5 48
966 5 13
966 5 18
966 5 76
966 5 65
966 5 104
966 6 948
967 2 913
967 2 898
967 3 914
967 1 8
967 1 61
967 1 843
967 1 70
967 1 71
967 1 23
967 1 110
967 1 5
967 1 94
967 0 968
968 5 14
968 5 15
968 5 90
968 5 74
968 5 75
968 5 28
968 5 10
968 5 113
968 5 73
968 6 969
970 2 913
970 2 971
970 3 914
970 1 522
970 1 62
970 1 4
970 1 346
970 1 61
970 0 972
972 5 384
972 5 49
972 5 11
972 5 10
972 5 50
972 5 15
972 5 14
972 5 32
972 5 48
972 5 16
972 6 146
973 2 913
973 2 251
973 3 914
973 1 7
973 1 974
973 1 8
973 1 4
973 0 975
975 5 49
975 5 84
975 5 15
975 5 14
975 5 48
975 5 75
975 5 11
975 5 13
975 5 32
975 5 27
975 6 235
976 2 913
976 2 178
976 3 914
976 1 71
976 1 95
976 1 94
976 1 275
976 1 61
976 0 977
977 5 75
977 5 30
977 5 76
977 5 84
977 5 15
977 5 140
977 5 14
977 5 65
977 5 32
977 5 112
977 6 77
978 2 913
978 2 444
978 3 914
978 1 8
978 1 23
978 1 109
978 1 95
978 1 843
978 0 979
979 5 28
979 5 13
979 5 76
979 5 27
979 5 112
979 5 75
979 5 140
979 5 48
979 5 15
979 5 29
979 6 77
980 2 913
980 2 981
980 3 914
980 1 23
980 1 8
980 1 37
980 1 69
980 1 61
980 0 982
982 5 11
982 5 41
982 5 13
982 5 755
982 5 14
982 5 10
982 5 49
982 5 42
982 5 28
982 5 83
982 6 43
983 2 913
983 2 984
983 3 914
983 1 7
983 1 4
983 1 80
983 1 23
983 1 8
983 0 985
985 5 28
985 5 49
985 5 83
985 5 18
985 5 13
985 5 14
985 5 19
985 5 75
985 5 30
985 5 27
985 6 114
986 2 913
986 2 455
986 3 914
986 1 46
986 1 275
986 1 153
986 1 358
986 1 94
987 2 913
987 2 599
987 3 914
987 1 62
987 1 61
987 1 522
987 1 4
987 1 71
987 0 988
988 5 49
988 5 15
988 5 384
988 5 11
988 5 75
988 5 14
988 5 12
988 5 48
988 6 33
989 2 913
989 2 468
989 3 914
989 1 62
989 1 8
990 2 913
990 2 317
990 3 914
990 1 94
990 1 46
990 1 71
990 1 61
990 1 8
990 0 991
991 5 28
991 5 30
991 5 15
991 5 13
991 5 75
991 5 112
991 5 113
991 6 992
993 2 913
993 2 994
993 3 914
993 1 8
993 1 110
993 1 5
993 1 25
993 1 7
993 0 995
995 5 14
995 5 10
995 5 113
995 5 31
995 5 13
995 5 74
995 5 76
995 5 18
995 5 32
995 5 15
995 6 66
996 2 913
996 2 752
996 3 914
996 1 4
996 1 522
996 1 8
996 1 753
996 1 153
996 0 997
997 5 11
997 5 14
997 5 384
997 5 755
997 5 82
997 5 15
997 5 10
997 5 16
997 5 49
997 5 19
997 6 146
0 4 21
21 4 0
0 4 44
44 4 0
0 4 51
51 4 0
0 4 78
78 4 0
0 4 85
85 4 0
21 4 58
58 4 21
21 4 85
85 4 21
34 4 44
44 4 34
34 4 92
92 4 34
44 4 51
51 4 44
44 4 78
78 4 44
44 4 85
85 4 44
51 4 78
78 4 51
51 4 85
85 4 51
58 4 67
67 4 58
78 4 85
85 4 78
98 4 107
107 4 98
98 4 115
115 4 98
98 4 126
126 4 98
98 4 129
129 4 98
98 4 137
137 4 98
98 4 142
142 4 98
98 4 155
155 4 98
107 4 115
115 4 107
107 4 126
126 4 107
107 4 137
137 4 107
107 4 142
142 4 107
107 4 152
152 4 107
115 4 126
126 4 115
115 4 137
137 4 115
115 4 142
142 4 115
115 4 152
152 4 115
118 4 129
129 4 118
118 4 152
152 4 118
118 4 155
155 4 118
126 4 129
129 4 126
126 4 137
137 4 126
126 4 142
142 4 126
126 4 152
152 4 126
126 4 155
155 4 126
129 4 137
137 4 129
129 4 142
142 4 129
129 4 152
152 4 129
129 4 155
155 4 129
137 4 142
142 4 137
137 4 147
147 4 137
137 4 155
155 4 137
142 4 152
152 4 142
142 4 155
155 4 142
160 4 172
172 4 160
169 4 172
172 4 169
169 4 174
174 4 169
169 4 177
177 4 169
172 4 174
174 4 172
172 4 177
177 4 172
181 4 191
191 4 181
181 4 211
211 4 181
181 4 215
215 4 181
181 4 241
241 4 181
181 4 245
245 4 181
181 4 258
258 4 181
186 4 190
190 4 186
186 4 191
191 4 186
186 4 203
203 4 186
186 4 215
215 4 186
186 4 218
218 4 186
186 4 223
223 4 186
186 4 225
225 4 186
186 4 229
229 4 186
186 4 236
236 4 186
186 4 239
239 4 186
186 4 247
247 4 186
186 4 250
250 4 186
186 4 262
262 4 186
186 4 265
265 4 186
190 4 191
191 4 190
190 4 211
211 4 190
190 4 215
215 4 190
190 4 218
218 4 190
190 4 223
223 4 190
190 4 225
225 4 190
190 4 229
229 4 190
190 4 239
239 4 190
190 4 245
245 4 190
190 4 247
247 4 190
190 4 250
250 4 190
190 4 265
265 4 190
191 4 211
211 4 191
191 4 215
215 4 191
191 4 229
229 4 191
191 4 241
241 4 191
191 4 245
245 4 191
191 4 262
262 4 191
203 4 211
211 4 203
203 4 215
215 4 203
203 4 218
218 4 203
203 4 223
223 4 203
203 4 225
225 4 203
203 4 229
229 4 203
203 4 236
236 4 203
203 4 239
239 4 203
203 4 247
247 4 203
203 4 250
250 4 203
203 4 262
262 4 203
203 4 265
265 4 203
211 4 215
215 4 211
211 4 218
218 4 211
211 4 223
223 4 211
211 4 225
225 4 211
211 4 229
229 4 211
211 4 236
236 4 211
211 4 239
239 4 211
211 4 241
241 4 211
211 4 245
245 4 211
211 4 247
247 4 211
211 4 250
250 4 211
211 4 258
258 4 211
211 4 265
265 4 211
215 4 218
218 4 215
215 4 223
223 4 215
215 4 225
225 4 215
215 4 229
229 4 215
215 4 236
236 4 215
215 4 239
239 4 215
215 4 245
245 4 215
215 4 247
247 4 215
215 4 250
250 4 215
215 4 262
262 4 215
215 4 265
265 4 215
218 4 223
223 4 218
218 4 225
225 4 218
218 4 229
229 4 218
218 4 236
236 4 218
218 4 239
239 4 218
218 4 245
245 4 218
218 4 247
247 4 218
218 4 250
250 4 218
218 4 262
262 4 218
218 4 265
265 4 218
223 4 225
225 4 223
223 4 229
229 4 223
223 4 236
236 4 223
223 4 239
239 4 223
223 4 245
245 4 223
223 4 247
247 4 223
223 4 250
250 4 223
223 4 262
262 4 223
223 4 265
265 4 223
225 4 229
229 4 225
225 4 236
236 4 225
225 4 239
239 4 225
225 4 245
245 4 225
225 4 247
247 4 225
225 4 250
250 4 225
225 4 262
262 4 225
225 4 265
265 4 225
229 4 239
239 4 229
229 4 245
245 4 229
229 4 247
247 4 229
229 4 250
250 4 229
229 4 265
265 4 229
236 4 239
239 4 236
236 4 247
247 4 236
236 4 250
250 4 236
236 4 262
262 4 236
236 4 265
265 4 236
239 4 245
245 4 239
239 4 247
247 4 239
239 4 250
250 4 239
239 4 262
262 4 239
239 4 265
265 4 239
241 4 258
258 4 241
245 4 247
247 4 245
245 4 250
250 4 245
245 4 265
265 4 245
247 4 250
250 4 247
247 4 265
265 4 247
250 4 262
262 4 250
250 4 265
265 4 250
262 4 265
265 4 262
268 4 274
274 4 268
268 4 277
277 4 268
268 4 279
279 4 268
268 4 291
291 4 268
268 4 294
294 4 268
268 4 302
302 4 268
268 4 307
307 4 268
268 4 314
314 4 268
274 4 277
277 4 274
274 4 279
279 4 274
274 4 287
287 4 274
274 4 289
289 4 274
274 4 305
305 4 274
274 4 307
307 4 274
274 4 309
309 4 274
274 4 311
311 4 274
274 4 314
314 4 274
274 4 319
319 4 274
277 4 279
279 4 277
277 4 287
287 4 277
277 4 289
289 4 277
277 4 291
291 4 277
277 4 294
294 4 277
277 4 302
302 4 277
277 4 305
305 4 277
277 4 307
307 4 277
277 4 309
309 4 277
277 4 311
311 4 277
277 4 314
314 4 277
277 4 322
322 4 277
279 4 291
291 4 279
279 4 294
294 4 279
279 4 302
302 4 279
279 4 307
307 4 279
279 4 311
311 4 279
279 4 314
314 4 279
279 4 319
319 4 279
284 4 302
302 4 284
287 4 291
291 4 287
287 4 297
297 4 287
287 4 302
302 4 287
287 4 305
305 4 287
287 4 307
307 4 287
287 4 309
309 4 287
287 4 311
311 4 287
287 4 314
314 4 287
287 4 322
322 4 287
289 4 311
311 4 289
289 4 319
319 4 289
291 4 294
294 4 291
291 4 297
297 4 291
291 4 302
302 4 291
291 4 305
305 4 291
291 4 307
307 4 291
291 4 309
309 4 291
291 4 311
311 4 291
291 4 314
314 4 291
291 4 322
322 4 291
294 4 302
302 4 294
294 4 305
305 4 294
294 4 307
307 4 294
294 4 314
314 4 294
297 4 302
302 4 297
297 4 305
305 4 297
297 4 307
307 4 297
297 4 309
309 4 297
297 4 311
311 4 297
297 4 314
314 4 297
297 4 322
322 4 297
302 4 305
305 4 302
302 4 307
307 4 302
302 4 309
309 4 302
302 4 311
311 4 302
302 4 314
314 4 302
302 4 322
322 4 302
305 4 307
307 4 305
305 4 309
309 4 305
305 4 311
311 4 305
305 4 314
314 4 305
305 4 322
322 4 305
307 4 309
309 4 307
307 4 311
311 4 307
307 4 314
314 4 307
307 4 322
322 4 307
309 4 311
311 4 309
309 4 314
314 4 309
309 4 319
319 4 309
309 4 322
322 4 309
311 4 314
314 4 311
311 4 319
319 4 311
311 4 322
322 4 311
314 4 319
319 4 314
314 4 322
322 4 314
324 4 356
356 4 324
324 4 366
366 4 324
329 4 334
334 4 329
329 4 337
337 4 329
329 4 339
339 4 329
329 4 341
341 4 329
329 4 344
344 4 329
329 4 350
350 4 329
329 4 352
352 4 329
329 4 355
355 4 329
329 4 361
361 4 329
329 4 365
365 4 329
329 4 367
367 4 329
329 4 371
371 4 329
329 4 377
377 4 329
329 4 379
379 4 329
329 4 381
381 4 329
329 4 385
385 4 329
332 4 339
339 4 332
332 4 341
341 4 332
332 4 344
344 4 332
332 4 355
355 4 332
332 4 366
366 4 332
332 4 369
369 4 332
332 4 373
373 4 332
332 4 374
374 4 332
332 4 377
377 4 332
332 4 385
385 4 332
334 4 337
337 4 334
334 4 339
339 4 334
334 4 350
350 4 334
334 4 352
352 4 334
334 4 355
355 4 334
334 4 361
361 4 334
334 4 365
365 4 334
334 4 367
367 4 334
334 4 371
371 4 334
334 4 377
377 4 334
334 4 379
379 4 334
334 4 385
385 4 334
336 4 339
339 4 336
336 4 352
352 4 336
336 4 355
355 4 336
336 4 371
371 4 336
336 4 385
385 4 336
337 4 339
339 4 337
337 4 341
341 4 337
337 4 344
344 4 337
337 4 350
350 4 337
337 4 352
352 4 337
337 4 355
355 4 337
337 4 356
356 4 337
337 4 363
363 4 337
337 4 365
365 4 337
337 4 367
367 4 337
337 4 371
371 4 337
337 4 374
374 4 337
337 4 379
379 4 337
337 4 385
385 4 337
339 4 341
341 4 339
339 4 344
344 4 339
339 4 350
350 4 339
339 4 352
352 4 339
339 4 355
355 4 339
339 4 356
356 4 339
339 4 361
361 4 339
339 4 365
365 4 339
339 4 367
367 4 339
339 4 371
371 4 339
339 4 374
374 4 339
339 4 377
377 4 339
339 4 379
379 4 339
339 4 381
381 4 339
339 4 385
385 4 339
341 4 344
344 4 341
341 4 350
350 4 341
341 4 352
352 4 341
341 4 355
355 4 341
341 4 361
361 4 341
341 4 367
367 4 341
341 4 373
373 4 341
341 4 374
374 4 341
341 4 377
377 4 341
341 4 379
379 4 341
341 4 385
385 4 341
344 4 350
350 4 344
344 4 352
352 4 344
344 4 373
373 4 344
344 4 374
374 4 344
344 4 385
385 4 344
350 4 352
352 4 350
350 4 355
355 4 350
350 4 361
361 4 350
350 4 365
365 4 350
350 4 367
367 4 350
350 4 371
371 4 350
350 4 373
373 4 350
350 4 377
377 4 350
350 4 379
379 4 350
350 4 381
381 4 350
350 4 385
385 4 350
352 4 355
355 4 352
352 4 356
356 4 352
352 4 361
361 4 352
352 4 365
365 4 352
352 4 367
367 4 352
352 4 371
371 4 352
352 4 374
374 4 352
352 4 379
379 4 352
352 4 385
385 4 352
355 4 356
356 4 355
355 4 361
361 4 355
355 4 363
363 4 355
355 4 365
365 4 355
355 4 366
366 4 355
355 4 367
367 4 355
355 4 369
369 4 355
355 4 371
371 4 355
355 4 374
374 4 355
355 4 377
377 4 355
355 4 379
379 4 355
355 4 385
385 4 355
356 4 371
371 4 356
356 4 385
385 4 356
361 4 365
365 4 361
361 4 367
367 4 361
361 4 371
371 4 361
361 4 377
377 4 361
361 4 379
379 4 361
361 4 385
385 4 361
363 4 371
371 4 363
365 4 367
367 4 365
365 4 371
371 4 365
365 4 377
377 4 365
365 4 379
379 4 365
365 4 385
385 4 365
366 4 369
369 4 366
366 4 374
374 4 366
367 4 371
371 4 367
367 4 379
379 4 367
367 4 381
381 4 367
367 4 385
385 4 367
369 4 374
374 4 369
371 4 377
377 4 371
371 4 379
379 4 371
371 4 385
385 4 371
373 4 374
374 4 373
373 4 377
377 4 373
377 4 379
379 4 377
377 4 385
385 4 377
379 4 385
385 4 379
386 4 396
396 4 386
386 4 429
429 4 386
386 4 443
443 4 386
386 4 445
445 4 386
386 4 457
457 4 386
389 4 396
396 4 389
389 4 398
398 4 389
389 4 400
400 4 389
389 4 403
403 4 389
389 4 416
416 4 389
389 4 418
418 4 389
389 4 419
419 4 389
389 4 420
420 4 389
389 4 421
421 4 389
389 4 423
423 4 389
389 4 426
426 4 389
389 4 428
428 4 389
389 4 431
431 4 389
389 4 440
440 4 389
389 4 441
441 4 389
389 4 442
442 4 389
389 4 443
443 4 389
389 4 445
445 4 389
389 4 447
447 4 389
389 4 451
451 4 389
389 4 452
452 4 389
389 4 460
460 4 389
389 4 463
463 4 389
389 4 465
465 4 389
389 4 467
467 4 389
389 4 469
469 4 389
389 4 470
470 4 389
389 4 472
472 4 389
392 4 394
394 4 392
392 4 405
405 4 392
392 4 412
412 4 392
392 4 416
416 4 392
392 4 418
418 4 392
392 4 419
419 4 392
392 4 420
420 4 392
392 4 425
425 4 392
392 4 428
428 4 392
392 4 435
435 4 392
392 4 440
440 4 392
392 4 443
443 4 392
392 4 445
445 4 392
392 4 451
451 4 392
392 4 460
460 4 392
392 4 465
465 4 392
392 4 472
472 4 392
394 4 398
398 4 394
394 4 400
400 4 394
394 4 405
405 4 394
394 4 412
412 4 394
394 4 416
416 4 394
394 4 418
418 4 394
394 4 419
419 4 394
394 4 420
420 4 394
394 4 425
425 4 394
394 4 426
426 4 394
394 4 428
428 4 394
394 4 440
440 4 394
394 4 441
441 4 394
394 4 443
443 4 394
394 4 445
445 4 394
394 4 447
447 4 394
394 4 450
450 4 394
394 4 451
451 4 394
394 4 454
454 4 394
394 4 460
460 4 394
394 4 470
470 4 394
394 4 472
472 4 394
396 4 398
398 4 396
396 4 416
416 4 396
396 4 421
421 4 396
396 4 425
425 4 396
396 4 426
426 4 396
396 4 428
428 4 396
396 4 429
429 4 396
396 4 441
441 4 396
396 4 442
442 4 396
396 4 443
443 4 396
396 4 445
445 4 396
396 4 452
452 4 396
396 4 463
463 4 396
396 4 467
467 4 396
396 4 469
469 4 396
396 4 472
472 4 396
398 4 400
400 4 398
398 4 403
403 4 398
398 4 416
416 4 398
398 4 418
418 4 398
398 4 419
419 4 398
398 4 421
421 4 398
398 4 423
423 4 398
398 4 425
425 4 398
398 4 426
426 4 398
398 4 428
428 4 398
398 4 429
429 4 398
398 4 431
431 4 398
398 4 433
433 4 398
398 4 441
441 4 398
398 4 442
442 4 398
398 4 443
443 4 398
398 4 445
445 4 398
398 4 447
447 4 398
398 4 450
450 4 398
398 4 451
451 4 398
398 4 452
452 4 398
398 4 454
454 4 398
398 4 460
460 4 398
398 4 463
463 4 398
398 4 465
465 4 398
398 4 467
467 4 398
398 4 469
469 4 398
398 4 470
470 4 398
398 4 472
472 4 398
400 4 403
403 4 400
400 4 405
405 4 400
400 4 416
416 4 400
400 4 418
418 4 400
400 4 419
419 4 400
400 4 421
421 4 400
400 4 423
423 4 400
400 4 425
425 4 400
400 4 426
426 4 400
400 4 428
428 4 400
400 4 441
441 4 400
400 4 442
442 4 400
400 4 443
443 4 400
400 4 445
445 4 400
400 4 447
447 4 400
400 4 451
451 4 400
400 4 452
452 4 400
400 4 460
460 4 400
400 4 463
463 4 400
400 4 467
467 4 400
400 4 469
469 4 400
400 4 470
470 4 400
400 4 472
472 4 400
403 4 416
416 4 403
403 4 418
418 4 403
403 4 419
419 4 403
403 4 421
421 4 403
403 4 423
423 4 403
403 4 425
425 4 403
403 4 426
426 4 403
403 4 428
428 4 403
403 4 431
431 4 403
403 4 441
441 4 403
403 4 442
442 4 403
403 4 443
443 4 403
403 4 445
445 4 403
403 4 447
447 4 403
403 4 451
451 4 403
403 4 452
452 4 403
403 4 454
454 4 403
403 4 460
460 4 403
403 4 463
463 4 403
403 4 467
467 4 403
403 4 469
469 4 403
403 4 470
470 4 403
403 4 472
472 4 403
405 4 412
412 4 405
405 4 416
416 4 405
405 4 418
418 4 405
405 4 419
419 4 405
405 4 420
420 4 405
405 4 425
425 4 405
405 4 426
426 4 405
405 4 428
428 4 405
405 4 440
440 4 405
405 4 443
443 4 405
405 4 445
445 4 405
405 4 447
447 4 405
405 4 451
451 4 405
405 4 460
460 4 405
405 4 470
470 4 405
405 4 472
472 4 405
412 4 418
418 4 412
412 4 419
419 4 412
412 4 425
425 4 412
412 4 428
428 4 412
416 4 418
418 4 416
416 4 419
419 4 416
416 4 420
420 4 416
416 4 421
421 4 416
416 4 423
423 4 416
416 4 425
425 4 416
416 4 426
426 4 416
416 4 428
428 4 416
416 4 440
440 4 416
416 4 441
441 4 416
416 4 442
442 4 416
416 4 443
443 4 416
416 4 445
445 4 416
416 4 447
447 4 416
416 4 451
451 4 416
416 4 452
452 4 416
416 4 460
460 4 416
416 4 463
463 4 416
416 4 465
465 4 416
416 4 467
467 4 416
416 4 469
469 4 416
416 4 470
470 4 416
416 4 472
472 4 416
418 4 419
419 4 418
418 4 420
420 4 418
418 4 421
421 4 418
418 4 423
423 4 418
418 4 425
425 4 418
418 4 426
426 4 418
418 4 428
428 4 418
418 4 440
440 4 418
418 4 441
441 4 418
418 4 442
442 4 418
418 4 443
443 4 418
418 4 445
445 4 418
418 4 447
447 4 418
418 4 451
451 4 418
418 4 452
452 4 418
418 4 460
460 4 418
418 4 463
463 4 418
418 4 465
465 4 418
418 4 467
467 4 418
418 4 469
469 4 418
418 4 470
470 4 418
418 4 472
472 4 418
419 4 420
420 4 419
419 4 421
421 4 419
419 4 423
423 4 419
419 4 425
425 4 419
419 4 426
426 4 419
419 4 428
428 4 419
419 4 431
431 4 419
419 4 440
440 4 419
419 4 441
441 4 419
419 4 442
442 4 419
419 4 443
443 4 419
419 4 445
445 4 419
419 4 447
447 4 419
419 4 450
450 4 419
419 4 451
451 4 419
419 4 452
452 4 419
419 4 454
454 4 419
419 4 460
460 4 419
419 4 463
463 4 419
419 4 465
465 4 419
419 4 467
467 4 419
419 4 469
469 4 419
419 4 470
470 4 419
419 4 472
472 4 419
420 4 425
425 4 420
420 4 428
428 4 420
420 4 435
435 4 420
420 4 440
440 4 420
420 4 443
443 4 420
420 4 445
445 4 420
420 4 447
447 4 420
420 4 450
450 4 420
420 4 451
451 4 420
420 4 452
452 4 420
420 4 454
454 4 420
420 4 460
460 4 420
420 4 465
465 4 420
420 4 470
470 4 420
420 4 472
472 4 420
421 4 423
423 4 421
421 4 425
425 4 421
421 4 426
426 4 421
421 4 428
428 4 421
421 4 429
429 4 421
421 4 431
431 4 421
421 4 433
433 4 421
421 4 441
441 4 421
421 4 442
442 4 421
421 4 443
443 4 421
421 4 445
445 4 421
421 4 447
447 4 421
421 4 451
451 4 421
421 4 452
452 4 421
421 4 454
454 4 421
421 4 460
460 4 421
421 4 463
463 4 421
421 4 465
465 4 421
421 4 467
467 4 421
421 4 469
469 4 421
421 4 470
470 4 421
421 4 472
472 4 421
423 4 426
426 4 423
423 4 428
428 4 423
423 4 441
441 4 423
423 4 442
442 4 423
423 4 443
443 4 423
423 4 445
445 4 423
423 4 447
447 4 423
423 4 451
451 4 423
423 4 452
452 4 423
423 4 460
460 4 423
423 4 463
463 4 423
423 4 467
467 4 423
423 4 469
469 4 423
423 4 470
470 4 423
423 4 472
472 4 423
425 4 426
426 4 425
425 4 428
428 4 425
425 4 429
429 4 425
425 4 438
438 4 425
425 4 440
440 4 425
425 4 442
442 4 425
425 4 443
443 4 425
425 4 445
445 4 425
425 4 447
447 4 425
425 4 451
451 4 425
425 4 452
452 4 425
425 4 454
454 4 425
425 4 457
457 4 425
425 4 460
460 4 425
425 4 463
463 4 425
425 4 467
467 4 425
425 4 469
469 4 425
425 4 470
470 4 425
425 4 472
472 4 425
426 4 428
428 4 426
426 4 429
429 4 426
426 4 431
431 4 426
426 4 433
433 4 426
426 4 438
438 4 426
426 4 441
441 4 426
426 4 442
442 4 426
426 4 443
443 4 426
426 4 445
445 4 426
426 4 447
447 4 426
426 4 451
451 4 426
426 4 452
452 4 426
426 4 454
454 4 426
426 4 460
460 4 426
426 4 463
463 4 426
426 4 465
465 4 426
426 4 467
467 4 426
426 4 469
469 4 426
426 4 470
470 4 426
426 4 472
472 4 426
428 4 431
431 4 428
428 4 440
440 4 428
428 4 441
441 4 428
428 4 442
442 4 428
428 4 443
443 4 428
428 4 445
445 4 428
428 4 447
447 4 428
428 4 451
451 4 428
428 4 452
452 4 428
428 4 460
460 4 428
428 4 463
463 4 428
428 4 465
465 4 428
428 4 467
467 4 428
428 4 469
469 4 428
428 4 470
470 4 428
428 4 472
472 4 428
429 4 431
431 4 429
429 4 433
433 4 429
429 4 438
438 4 429
429 4 452
452 4 429
429 4 454
454 4 429
429 4 457
457 4 429
429 4 463
463 4 429
429 4 467
467 4 429
431 4 433
433 4 431
431 4 435
435 4 431
431 4 438
438 4 431
431 4 441
441 4 431
431 4 443
443 4 431
431 4 445
445 4 431
431 4 447
447 4 431
431 4 451
451 4 431
431 4 452
452 4 431
431 4 454
454 4 431
431 4 460
460 4 431
431 4 463
463 4 431
431 4 465
465 4 431
431 4 467
467 4 431
431 4 472
472 4 431
433 4 438
438 4 433
433 4 447
447 4 433
433 4 452
452 4 433
433 4 454
454 4 433
433 4 457
457 4 433
433 4 463
463 4 433
435 4 440
440 4 435
435 4 452
452 4 435
435 4 454
454 4 435
435 4 460
460 4 435
435 4 465
465 4 435
438 4 447
447 4 438
438 4 451
451 4 438
438 4 454
454 4 438
438 4 457
457 4 438
438 4 460
460 4 438
440 4 443
443 4 440
440 4 445
445 4 440
440 4 447
447 4 440
440 4 450
450 4 440
440 4 451
451 4 440
440 4 452
452 4 440
440 4 454
454 4 440
440 4 460
460 4 440
440 4 465
465 4 440
440 4 470
470 4 440
440 4 472
472 4 440
441 4 442
442 4 441
441 4 443
443 4 441
441 4 445
445 4 441
441 4 447
447 4 441
441 4 450
450 4 441
441 4 451
451 4 441
441 4 452
452 4 441
441 4 460
460 4 441
441 4 463
463 4 441
441 4 465
465 4 441
441 4 467
467 4 441
441 4 469
469 4 441
441 4 470
470 4 441
441 4 472
472 4 441
442 4 443
443 4 442
442 4 445
445 4 442
442 4 447
447 4 442
442 4 451
451 4 442
442 4 452
452 4 442
442 4 454
454 4 442
442 4 460
460 4 442
442 4 463
463 4 442
442 4 467
467 4 442
442 4 469
469 4 442
442 4 470
470 4 442
442 4 472
472 4 442
443 4 445
445 4 443
443 4 447
447 4 443
443 4 450
450 4 443
443 4 451
451 4 443
443 4 452
452 4 443
443 4 454
454 4 443
443 4 457
457 4 443
443 4 460
460 4 443
443 4 463
463 4 443
443 4 465
465 4 443
443 4 467
467 4 443
443 4 469
469 4 443
443 4 470
470 4 443
443 4 472
472 4 443
445 4 447
447 4 445
445 4 450
450 4 445
445 4 451
451 4 445
445 4 452
452 4 445
445 4 454
454 4 445
445 4 460
460 4 445
445 4 463
463 4 445
445 4 465
465 4 445
445 4 467
467 4 445
445 4 469
469 4 445
445 4 470
470 4 445
445 4 472
472 4 445
447 4 451
451 4 447
447 4 452
452 4 447
447 4 454
454 4 447
447 4 460
460 4 447
447 4 463
463 4 447
447 4 467
467 4 447
447 4 469
469 4 447
447 4 470
470 4 447
447 4 472
472 4 447
450 4 451
451 4 450
450 4 454
454 4 450
450 4 460
460 4 450
450 4 472
472 4 450
451 4 452
452 4 451
451 4 454
454 4 451
451 4 460
460 4 451
451 4 463
463 4 451
451 4 465
465 4 451
451 4 467
467 4 451
451 4 469
469 4 451
451 4 470
470 4 451
451 4 472
472 4 451
452 4 454
454 4 452
452 4 460
460 4 452
452 4 463
463 4 452
452 4 465
465 4 452
452 4 467
467 4 452
452 4 469
469 4 452
452 4 470
470 4 452
452 4 472
472 4 452
454 4 460
460 4 454
454 4 463
463 4 454
454 4 472
472 4 454
460 4 463
463 4 460
460 4 465
465 4 460
460 4 467
467 4 460
460 4 469
469 4 460
460 4 470
470 4 460
460 4 472
472 4 460
463 4 465
465 4 463
463 4 467
467 4 463
463 4 469
469 4 463
463 4 470
470 4 463
463 4 472
472 4 463
465 4 467
467 4 465
465 4 472
472 4 465
467 4 469
469 4 467
467 4 470
470 4 467
467 4 472
472 4 467
469 4 470
470 4 469
469 4 472
472 4 469
470 4 472
472 4 470
474 4 490
490 4 474
474 4 494
494 4 474
474 4 506
506 4 474
474 4 513
513 4 474
474 4 526
526 4 474
477 4 479
479 4 477
477 4 483
483 4 477
477 4 484
484 4 477
477 4 489
489 4 477
477 4 494
494 4 477
477 4 499
499 4 477
477 4 504
504 4 477
477 4 506
506 4 477
477 4 509
509 4 477
477 4 513
513 4 477
477 4 515
515 4 477
477 4 517
517 4 477
477 4 520
520 4 477
479 4 483
483 4 479
479 4 484
484 4 479
479 4 489
489 4 479
479 4 490
490 4 479
479 4 504
504 4 479
479 4 509
509 4 479
479 4 513
513 4 479
479 4 515
515 4 479
479 4 520
520 4 479
483 4 484
484 4 483
483 4 489
489 4 483
483 4 499
499 4 483
483 4 504
504 4 483
483 4 509
509 4 483
483 4 513
513 4 483
483 4 515
515 4 483
483 4 517
517 4 483
483 4 520
520 4 483
484 4 489
489 4 484
484 4 504
504 4 484
484 4 513
513 4 484
484 4 515
515 4 484
484 4 520
520 4 484
489 4 504
504 4 489
489 4 506
506 4 489
489 4 509
509 4 489
489 4 513
513 4 489
489 4 515
515 4 489
489 4 520
520 4 489
490 4 494
494 4 490
490 4 513
513 4 490
494 4 506
506 4 494
494 4 509
509 4 494
494 4 513
513 4 494
494 4 526
526 4 494
499 4 504
504 4 499
499 4 509
509 4 499
499 4 515
515 4 499
504 4 509
509 4 504
504 4 513
513 4 504
504 4 515
515 4 504
504 4 517
517 4 504
504 4 520
520 4 504
506 4 509
509 4 506
509 4 513
513 4 509
509 4 515
515 4 509
513 4 515
515 4 513
513 4 520
520 4 513
515 4 517
517 4 515
515 4 520
520 4 515
517 4 520
520 4 517
528 4 535
535 4 528
528 4 537
537 4 528
528 4 543
543 4 528
528 4 545
545 4 528
528 4 547
547 4 528
532 4 537
537 4 532
532 4 540
540 4 532
532 4 547
547 4 532
532 4 550
550 4 532
535 4 537
537 4 535
535 4 540
540 4 535
535 4 543
543 4 535
535 4 547
547 4 535
535 4 550
550 4 535
537 4 540
540 4 537
537 4 543
543 4 537
537 4 545
545 4 537
537 4 547
547 4 537
537 4 550
550 4 537
540 4 543
543 4 540
540 4 547
547 4 540
540 4 550
550 4 540
543 4 547
547 4 543
543 4 550
550 4 543
547 4 550
550 4 547
551 4 555
555 4 551
551 4 563
563 4 551
551 4 569
569 4 551
555 4 559
559 4 555
555 4 563
563 4 555
555 4 566
566 4 555
555 4 570
570 4 555
555 4 571
571 4 555
556 4 561
561 4 556
556 4 563
563 4 556
556 4 565
565 4 556
556 4 567
567 4 556
556 4 571
571 4 556
559 4 566
566 4 559
559 4 569
569 4 559
561 4 565
565 4 561
561 4 566
566 4 561
561 4 567
567 4 561
561 4 571
571 4 561
563 4 569
569 4 563
563 4 571
571 4 563
565 4 566
566 4 565
565 4 567
567 4 565
565 4 571
571 4 565
566 4 571
571 4 566
573 4 576
576 4 573
573 4 579
579 4 573
573 4 582
582 4 573
573 4 590
590 4 573
573 4 595
595 4 573
573 4 596
596 4 573
573 4 598
598 4 573
573 4 600
600 4 573
573 4 602
602 4 573
576 4 579
579 4 576
576 4 582
582 4 576
576 4 595
595 4 576
576 4 596
596 4 576
576 4 600
600 4 576
579 4 581
581 4 579
579 4 582
582 4 579
579 4 583
583 4 579
579 4 589
589 4 579
579 4 595
595 4 579
579 4 596
596 4 579
579 4 598
598 4 579
579 4 600
600 4 579
581 4 582
582 4 581
581 4 583
583 4 581
581 4 592
592 4 581
581 4 595
595 4 581
581 4 600
600 4 581
582 4 583
583 4 582
582 4 589
589 4 582
582 4 595
595 4 582
582 4 596
596 4 582
582 4 598
598 4 582
582 4 600
600 4 582
583 4 595
595 4 583
583 4 598
598 4 583
583 4 600
600 4 583
587 4 602
602 4 587
589 4 598
598 4 589
589 4 600
600 4 589
590 4 596
596 4 590
590 4 598
598 4 590
590 4 602
602 4 590
595 4 596
596 4 595
595 4 598
598 4 595
595 4 600
600 4 595
596 4 600
600 4 596
598 4 600
600 4 598
604 4 609
609 4 604
604 4 611
611 4 604
604 4 613
613 4 604
604 4 616
616 4 604
604 4 622
622 4 604
604 4 625
625 4 604
604 4 628
628 4 604
604 4 631
631 4 604
604 4 637
637 4 604
604 4 639
639 4 604
604 4 643
643 4 604
604 4 652
652 4 604
604 4 658
658 4 604
609 4 611
611 4 609
609 4 622
622 4 609
609 4 625
625 4 609
609 4 628
628 4 609
609 4 631
631 4 609
609 4 637
637 4 609
609 4 639
639 4 609
609 4 646
646 4 609
609 4 652
652 4 609
609 4 654
654 4 609
611 4 613
613 4 611
611 4 616
616 4 611
611 4 622
622 4 611
611 4 628
628 4 611
611 4 631
631 4 611
611 4 637
637 4 611
611 4 639
639 4 611
611 4 643
643 4 611
611 4 646
646 4 611
611 4 648
648 4 611
611 4 652
652 4 611
611 4 658
658 4 611
613 4 616
616 4 613
613 4 622
622 4 613
613 4 628
628 4 613
613 4 631
631 4 613
613 4 637
637 4 613
613 4 639
639 4 613
613 4 643
643 4 613
613 4 646
646 4 613
613 4 648
648 4 613
613 4 652
652 4 613
613 4 654
654 4 613
613 4 658
658 4 613
616 4 622
622 4 616
616 4 628
628 4 616
616 4 631
631 4 616
616 4 637
637 4 616
616 4 639
639 4 616
616 4 643
643 4 616
616 4 646
646 4 616
616 4 648
648 4 616
616 4 652
652 4 616
616 4 654
654 4 616
616 4 658
658 4 616
622 4 625
625 4 622
622 4 628
628 4 622
622 4 631
631 4 622
622 4 637
637 4 622
622 4 639
639 4 622
622 4 646
646 4 622
622 4 654
654 4 622
622 4 658
658 4 622
625 4 628
628 4 625
625 4 631
631 4 625
625 4 637
637 4 625
625 4 639
639 4 625
625 4 648
648 4 625
625 4 652
652 4 625
628 4 631
631 4 628
628 4 637
637 4 628
628 4 639
639 4 628
628 4 643
643 4 628
628 4 646
646 4 628
628 4 648
648 4 628
628 4 654
654 4 628
628 4 658
658 4 628
631 4 637
637 4 631
631 4 639
639 4 631
631 4 654
654 4 631
631 4 658
658 4 631
637 4 639
639 4 637
637 4 646
646 4 637
637 4 648
648 4 637
637 4 654
654 4 637
637 4 658
658 4 637
639 4 654
654 4 639
639 4 658
658 4 639
643 4 646
646 4 643
643 4 648
648 4 643
643 4 654
654 4 643
643 4 658
658 4 643
646 4 648
648 4 646
646 4 654
654 4 646
646 4 658
658 4 646
648 4 652
652 4 648
648 4 654
654 4 648
648 4 658
658 4 648
654 4 658
658 4 654
660 4 673
673 4 660
660 4 675
675 4 660
660 4 682
682 4 660
660 4 693
693 4 660
660 4 694
694 4 660
660 4 704
704 4 660
660 4 717
717 4 660
660 4 719
719 4 660
660 4 727
727 4 660
660 4 730
730 4 660
660 4 743
743 4 660
660 4 751
751 4 660
664 4 671
671 4 664
664 4 712
712 4 664
664 4 740
740 4 664
668 4 693
693 4 668
668 4 694
694 4 668
668 4 712
712 4 668
668 4 733
733 4 668
668 4 751
751 4 668
671 4 693
693 4 671
671 4 694
694 4 671
671 4 704
704 4 671
671 4 712
712 4 671
671 4 740
740 4 671
673 4 675
675 4 673
673 4 682
682 4 673
673 4 704
704 4 673
673 4 717
717 4 673
675 4 717
717 4 675
679 4 704
704 4 679
682 4 693
693 4 682
682 4 694
694 4 682
682 4 704
704 4 682
682 4 712
712 4 682
693 4 694
694 4 693
693 4 712
712 4 693
694 4 712
712 4 694
694 4 719
719 4 694
694 4 751
751 4 694
704 4 717
717 4 704
704 4 727
727 4 704
704 4 743
743 4 704
712 4 740
740 4 712
712 4 751
751 4 712
714 4 717
717 4 714
714 4 743
743 4 714
717 4 727
727 4 717
717 4 730
730 4 717
717 4 743
743 4 717
719 4 751
751 4 719
727 4 743
743 4 727
756 4 761
761 4 756
764 4 768
768 4 764
764 4 772
772 4 764
764 4 774
774 4 764
764 4 782
782 4 764
764 4 789
789 4 764
764 4 791
791 4 764
764 4 796
796 4 764
764 4 798
798 4 764
764 4 804
804 4 764
764 4 810
810 4 764
764 4 813
813 4 764
764 4 817
817 4 764
764 4 825
825 4 764
764 4 832
832 4 764
764 4 835
835 4 764
768 4 772
772 4 768
768 4 774
774 4 768
768 4 778
778 4 768
768 4 780
780 4 768
768 4 782
782 4 768
768 4 786
786 4 768
768 4 789
789 4 768
768 4 791
791 4 768
768 4 794
794 4 768
768 4 796
796 4 768
768 4 798
798 4 768
768 4 802
802 4 768
768 4 804
804 4 768
768 4 807
807 4 768
768 4 808
808 4 768
768 4 810
810 4 768
768 4 813
813 4 768
768 4 815
815 4 768
768 4 817
817 4 768
768 4 822
822 4 768
768 4 825
825 4 768
768 4 832
832 4 768
768 4 835
835 4 768
769 4 774
774 4 769
769 4 778
778 4 769
769 4 780
780 4 769
769 4 782
782 4 769
769 4 789
789 4 769
769 4 791
791 4 769
769 4 794
794 4 769
769 4 796
796 4 769
769 4 798
798 4 769
769 4 800
800 4 769
769 4 802
802 4 769
769 4 807
807 4 769
769 4 808
808 4 769
769 4 810
810 4 769
769 4 813
813 4 769
769 4 817
817 4 769
769 4 820
820 4 769
769 4 822
822 4 769
769 4 825
825 4 769
769 4 832
832 4 769
769 4 834
834 4 769
772 4 780
780 4 772
772 4 786
786 4 772
772 4 789
789 4 772
772 4 798
798 4 772
772 4 802
802 4 772
772 4 804
804 4 772
772 4 807
807 4 772
772 4 808
808 4 772
772 4 811
811 4 772
772 4 817
817 4 772
772 4 822
822 4 772
772 4 835
835 4 772
774 4 778
778 4 774
774 4 782
782 4 774
774 4 791
791 4 774
774 4 796
796 4 774
774 4 798
798 4 774
774 4 800
800 4 774
774 4 810
810 4 774
774 4 813
813 4 774
774 4 815
815 4 774
774 4 817
817 4 774
774 4 820
820 4 774
774 4 825
825 4 774
774 4 832
832 4 774
778 4 780
780 4 778
778 4 782
782 4 778
778 4 789
789 4 778
778 4 791
791 4 778
778 4 794
794 4 778
778 4 796
796 4 778
778 4 800
800 4 778
778 4 804
804 4 778
778 4 808
808 4 778
778 4 810
810 4 778
778 4 813
813 4 778
778 4 817
817 4 778
778 4 820
820 4 778
778 4 825
825 4 778
778 4 832
832 4 778
778 4 834
834 4 778
778 4 835
835 4 778
780 4 782
782 4 780
780 4 786
786 4 780
780 4 789
789 4 780
780 4 791
791 4 780
780 4 794
794 4 780
780 4 796
796 4 780
780 4 798
798 4 780
780 4 800
800 4 780
780 4 802
802 4 780
780 4 804
804 4 780
780 4 807
807 4 780
780 4 808
808 4 780
780 4 810
810 4 780
780 4 813
813 4 780
780 4 815
815 4 780
780 4 817
817 4 780
780 4 822
822 4 780
780 4 825
825 4 780
780 4 832
832 4 780
780 4 834
834 4 780
780 4 835
835 4 780
782 4 791
791 4 782
782 4 796
796 4 782
782 4 798
798 4 782
782 4 810
810 4 782
782 4 813
813 4 782
782 4 815
815 4 782
782 4 817
817 4 782
782 4 825
825 4 782
782 4 832
832 4 782
782 4 834
834 4 782
784 4 815
815 4 784
786 4 794
794 4 786
786 4 798
798 4 786
786 4 802
802 4 786
786 4 804
804 4 786
786 4 807
807 4 786
786 4 808
808 4 786
786 4 810
810 4 786
786 4 820
820 4 786
786 4 822
822 4 786
786 4 825
825 4 786
786 4 834
834 4 786
786 4 835
835 4 786
789 4 794
794 4 789
789 4 798
798 4 789
789 4 800
800 4 789
789 4 802
802 4 789
789 4 804
804 4 789
789 4 807
807 4 789
789 4 808
808 4 789
789 4 810
810 4 789
789 4 815
815 4 789
789 4 817
817 4 789
789 4 822
822 4 789
789 4 825
825 4 789
789 4 832
832 4 789
789 4 835
835 4 789
791 4 794
794 4 791
791 4 796
796 4 791
791 4 798
798 4 791
791 4 800
800 4 791
791 4 810
810 4 791
791 4 813
813 4 791
791 4 817
817 4 791
791 4 820
820 4 791
791 4 825
825 4 791
791 4 832
832 4 791
791 4 834
834 4 791
794 4 798
798 4 794
794 4 800
800 4 794
794 4 802
802 4 794
794 4 804
804 4 794
794 4 807
807 4 794
794 4 808
808 4 794
794 4 810
810 4 794
794 4 811
811 4 794
794 4 815
815 4 794
794 4 817
817 4 794
794 4 820
820 4 794
794 4 822
822 4 794
794 4 825
825 4 794
794 4 832
832 4 794
794 4 834
834 4 794
794 4 835
835 4 794
796 4 798
798 4 796
796 4 810
810 4 796
796 4 813
813 4 796
796 4 817
817 4 796
796 4 822
822 4 796
796 4 825
825 4 796
796 4 832
832 4 796
796 4 834
834 4 796
798 4 800
800 4 798
798 4 802
802 4 798
798 4 804
804 4 798
798 4 807
807 4 798
798 4 808
808 4 798
798 4 810
810 4 798
798 4 813
813 4 798
798 4 815
815 4 798
798 4 817
817 4 798
798 4 820
820 4 798
798 4 822
822 4 798
798 4 825
825 4 798
798 4 832
832 4 798
798 4 835
835 4 798
800 4 802
802 4 800
800 4 807
807 4 800
800 4 808
808 4 800
800 4 810
810 4 800
800 4 813
813 4 800
800 4 817
817 4 800
800 4 820
820 4 800
800 4 822
822 4 800
800 4 825
825 4 800
800 4 832
832 4 800
802 4 804
804 4 802
802 4 807
807 4 802
802 4 808
808 4 802
802 4 810
810 4 802
802 4 815
815 4 802
802 4 817
817 4 802
802 4 820
820 4 802
802 4 822
822 4 802
802 4 825
825 4 802
802 4 832
832 4 802
802 4 834
834 4 802
802 4 835
835 4 802
804 4 807
807 4 804
804 4 808
808 4 804
804 4 817
817 4 804
804 4 822
822 4 804
804 4 835
835 4 804
807 4 808
808 4 807
807 4 810
810 4 807
807 4 817
817 4 807
807 4 822
822 4 807
807 4 825
825 4 807
807 4 832
832 4 807
807 4 835
835 4 807
808 4 810
810 4 808
808 4 811
811 4 808
808 4 815
815 4 808
808 4 817
817 4 808
808 4 820
820 4 808
808 4 822
822 4 808
808 4 825
825 4 808
808 4 832
832 4 808
808 4 834
834 4 808
808 4 835
835 4 808
810 4 813
813 4 810
810 4 815
815 4 810
810 4 817
817 4 810
810 4 820
820 4 810
810 4 822
822 4 810
810 4 825
825 4 810
810 4 832
832 4 810
810 4 834
834 4 810
811 4 835
835 4 811
813 4 817
817 4 813
813 4 820
820 4 813
813 4 825
825 4 813
813 4 832
832 4 813
813 4 834
834 4 813
815 4 817
817 4 815
815 4 825
825 4 815
815 4 832
832 4 815
817 4 820
820 4 817
817 4 822
822 4 817
817 4 825
825 4 817
817 4 832
832 4 817
817 4 835
835 4 817
820 4 825
825 4 820
820 4 834
834 4 820
822 4 825
825 4 822
822 4 832
832 4 822
822 4 834
834 4 822
822 4 835
835 4 822
825 4 832
832 4 825
825 4 834
834 4 825
832 4 834
834 4 832
836 4 846
846 4 836
836 4 849
849 4 836
836 4 851
851 4 836
836 4 853
853 4 836
836 4 857
857 4 836
836 4 859
859 4 836
836 4 862
862 4 836
836 4 869
869 4 836
846 4 859
859 4 846
849 4 853
853 4 849
849 4 857
857 4 849
851 4 853
853 4 851
851 4 857
857 4 851
851 4 859
859 4 851
851 4 862
862 4 851
851 4 869
869 4 851
851 4 871
871 4 851
851 4 873
873 4 851
853 4 857
857 4 853
853 4 859
859 4 853
853 4 862
862 4 853
853 4 869
869 4 853
857 4 859
859 4 857
857 4 862
862 4 857
857 4 869
869 4 857
859 4 862
862 4 859
859 4 869
869 4 859
859 4 871
871 4 859
862 4 869
869 4 862
862 4 871
871 4 862
869 4 871
871 4 869
869 4 873
873 4 869
871 4 873
873 4 871
875 4 892
892 4 875
875 4 894
894 4 875
875 4 896
896 4 875
875 4 899
899 4 875
875 4 904
904 4 875
882 4 884
884 4 882
882 4 887
887 4 882
882 4 892
892 4 882
882 4 894
894 4 882
882 4 896
896 4 882
882 4 899
899 4 882
882 4 900
900 4 882
882 4 904
904 4 882
882 4 909
909 4 882
884 4 887
887 4 884
884 4 892
892 4 884
884 4 894
894 4 884
884 4 896
896 4 884
884 4 899
899 4 884
884 4 900
900 4 884
884 4 904
904 4 884
884 4 909
909 4 884
884 4 911
911 4 884
887 4 890
890 4 887
887 4 892
892 4 887
887 4 894
894 4 887
887 4 896
896 4 887
887 4 900
900 4 887
887 4 902
902 4 887
887 4 909
909 4 887
887 4 911
911 4 887
890 4 896
896 4 890
890 4 902
902 4 890
890 4 909
909 4 890
892 4 894
894 4 892
892 4 896
896 4 892
892 4 897
897 4 892
892 4 899
899 4 892
892 4 900
900 4 892
892 4 904
904 4 892
892 4 909
909 4 892
892 4 911
911 4 892
894 4 896
896 4 894
894 4 897
897 4 894
894 4 899
899 4 894
894 4 900
900 4 894
894 4 904
904 4 894
894 4 911
911 4 894
896 4 897
897 4 896
896 4 899
899 4 896
896 4 900
900 4 896
896 4 904
904 4 896
896 4 909
909 4 896
896 4 911
911 4 896
897 4 899
899 4 897
897 4 904
904 4 897
899 4 900
900 4 899
899 4 904
904 4 899
899 4 911
911 4 899
900 4 904
904 4 900
900 4 909
909 4 900
900 4 911
911 4 900
902 4 907
907 4 902
902 4 909
909 4 902
902 4 911
911 4 902
904 4 911
911 4 904
912 4 916
916 4 912
912 4 919
919 4 912
912 4 921
921 4 912
912 4 923
923 4 912
912 4 925
925 4 912
912 4 927
927 4 912
912 4 930
930 4 912
912 4 932
932 4 912
912 4 937
937 4 912
912 4 940
940 4 912
912 4 944
944 4 912
912 4 946
946 4 912
912 4 952
952 4 912
912 4 956
956 4 912
912 4 958
958 4 912
912 4 960
960 4 912
912 4 967
967 4 912
912 4 978
978 4 912
912 4 980
980 4 912
912 4 983
983 4 912
912 4 993
993 4 912
916 4 918
918 4 916
916 4 919
919 4 916
916 4 921
921 4 916
916 4 923
923 4 916
916 4 925
925 4 916
916 4 927
927 4 916
916 4 929
929 4 916
916 4 930
930 4 916
916 4 932
932 4 916
916 4 933
933 4 916
916 4 935
935 4 916
916 4 937
937 4 916
916 4 940
940 4 916
916 4 944
944 4 916
916 4 946
946 4 916
916 4 952
952 4 916
916 4 954
954 4 916
916 4 956
956 4 916
916 4 958
958 4 916
916 4 960
960 4 916
916 4 962
962 4 916
916 4 965
965 4 916
916 4 967
967 4 916
916 4 973
973 4 916
916 4 978
978 4 916
916 4 980
980 4 916
916 4 983
983 4 916
916 4 996
996 4 916
918 4 919
919 4 918
918 4 923
923 4 918
918 4 927
927 4 918
918 4 930
930 4 918
918 4 932
932 4 918
918 4 933
933 4 918
918 4 944
944 4 918
918 4 952
952 4 918
918 4 960
960 4 918
918 4 965
965 4 918
918 4 967
967 4 918
918 4 970
970 4 918
918 4 973
973 4 918
918 4 976
976 4 918
918 4 980
980 4 918
918 4 983
983 4 918
918 4 987
987 4 918
918 4 990
990 4 918
918 4 996
996 4 918
919 4 921
921 4 919
919 4 923
923 4 919
919 4 925
925 4 919
919 4 927
927 4 919
919 4 932
932 4 919
919 4 937
937 4 919
919 4 940
940 4 919
919 4 944
944 4 919
919 4 946
946 4 919
919 4 952
952 4 919
919 4 956
956 4 919
919 4 958
958 4 919
919 4 960
960 4 919
919 4 967
967 4 919
919 4 978
978 4 919
919 4 980
980 4 919
919 4 983
983 4 919
919 4 990
990 4 919
921 4 923
923 4 921
921 4 925
925 4 921
921 4 927
927 4 921
921 4 929
929 4 921
921 4 932
932 4 921
921 4 935
935 4 921
921 4 937
937 4 921
921 4 940
940 4 921
921 4 944
944 4 921
921 4 946
946 4 921
921 4 949
949 4 921
921 4 952
952 4 921
921 4 954
954 4 921
921 4 956
956 4 921
921 4 958
958 4 921
921 4 960
960 4 921
921 4 962
962 4 921
921 4 965
965 4 921
921 4 967
967 4 921
921 4 973
973 4 921
921 4 978
978 4 921
921 4 980
980 4 921
921 4 983
983 4 921
921 4 993
993 4 921
923 4 925
925 4 923
923 4 927
927 4 923
923 4 929
929 4 923
923 4 930
930 4 923
923 4 932
932 4 923
923 4 933
933 4 923
923 4 935
935 4 923
923 4 937
937 4 923
923 4 940
940 4 923
923 4 944
944 4 923
923 4 946
946 4 923
923 4 949
949 4 923
923 4 952
952 4 923
923 4 954
954 4 923
923 4 956
956 4 923
923 4 958
958 4 923
923 4 960
960 4 923
923 4 962
962 4 923
923 4 965
965 4 923
923 4 967
967 4 923
923 4 973
973 4 923
923 4 978
978 4 923
923 4 980
980 4 923
923 4 983
983 4 923
923 4 993
993 4 923
923 4 996
996 4 923
925 4 927
927 4 925
925 4 929
929 4 925
925 4 930
930 4 925
925 4 932
932 4 925
925 4 935
935 4 925
925 4 937
937 4 925
925 4 940
940 4 925
925 4 944
944 4 925
925 4 946
946 4 925
925 4 949
949 4 925
925 4 952
952 4 925
925 4 954
954 4 925
925 4 956
956 4 925
925 4 958
958 4 925
925 4 960
960 4 925
925 4 962
962 4 925
925 4 965
965 4 925
925 4 967
967 4 925
925 4 973
973 4 925
925 4 978
978 4 925
925 4 980
980 4 925
925 4 983
983 4 925
925 4 993
993 4 925
927 4 929
929 4 927
927 4 930
930 4 927
927 4 932
932 4 927
927 4 935
935 4 927
927 4 937
937 4 927
927 4 940
940 4 927
927 4 944
944 4 927
927 4 946
946 4 927
927 4 949
949 4 927
927 4 952
952 4 927
927 4 954
954 4 927
927 4 956
956 4 927
927 4 958
958 4 927
927 4 960
960 4 927
927 4 962
962 4 927
927 4 965
965 4 927
927 4 967
967 4 927
927 4 973
973 4 927
927 4 983
983 4 927
927 4 990
990 4 927
927 4 993
993 4 927
929 4 932
932 4 929
929 4 935
935 4 929
929 4 937
937 4 929
929 4 940
940 4 929
929 4 944
944 4 929
929 4 946
946 4 929
929 4 949
949 4 929
929 4 952
952 4 929
929 4 954
954 4 929
929 4 956
956 4 929
929 4 958
958 4 929
929 4 960
960 4 929
929 4 962
962 4 929
929 4 965
965 4 929
929 4 973
973 4 929
929 4 983
983 4 929
929 4 993
993 4 929
930 4 932
932 4 930
930 4 933
933 4 930
930 4 937
937 4 930
930 4 944
944 4 930
930 4 949
949 4 930
930 4 952
952 4 930
930 4 958
958 4 930
930 4 960
960 4 930
930 4 965
965 4 930
930 4 967
967 4 930
930 4 970
970 4 930
930 4 973
973 4 930
930 4 980
980 4 930
930 4 983
983 4 930
930 4 987
987 4 930
930 4 990
990 4 930
930 4 993
993 4 930
930 4 996
996 4 930
932 4 933
933 4 932
932 4 935
935 4 932
932 4 940
940 4 932
932 4 944
944 4 932
932 4 946
946 4 932
932 4 949
949 4 932
932 4 954
954 4 932
932 4 956
956 4 932
932 4 958
958 4 932
932 4 960
960 4 932
932 4 962
962 4 932
932 4 965
965 4 932
932 4 970
970 4 932
932 4 973
973 4 932
932 4 983
983 4 932
932 4 993
993 4 932
932 4 996
996 4 932
933 4 944
944 4 933
933 4 960
960 4 933
933 4 965
965 4 933
933 4 967
967 4 933
933 4 970
970 4 933
933 4 973
973 4 933
933 4 980
980 4 933
933 4 983
983 4 933
933 4 987
987 4 933
933 4 990
990 4 933
933 4 996
996 4 933
935 4 937
937 4 935
935 4 940
940 4 935
935 4 944
944 4 935
935 4 946
946 4 935
935 4 949
949 4 935
935 4 952
952 4 935
935 4 954
954 4 935
935 4 956
956 4 935
935 4 958
958 4 935
935 4 960
960 4 935
935 4 962
962 4 935
935 4 965
965 4 935
935 4 973
973 4 935
935 4 978
978 4 935
935 4 983
983 4 935
935 4 993
993 4 935
937 4 940
940 4 937
937 4 944
944 4 937
937 4 946
946 4 937
937 4 949
949 4 937
937 4 952
952 4 937
937 4 954
954 4 937
937 4 956
956 4 937
937 4 958
958 4 937
937 4 960
960 4 937
937 4 962
962 4 937
937 4 965
965 4 937
937 4 967
967 4 937
937 4 978
978 4 937
937 4 980
980 4 937
937 4 983
983 4 937
937 4 993
993 4 937
940 4 944
944 4 940
940 4 946
946 4 940
940 4 949
949 4 940
940 4 952
952 4 940
940 4 954
954 4 940
940 4 956
956 4 940
940 4 958
958 4 940
940 4 960
960 4 940
940 4 962
962 4 940
940 4 965
965 4 940
940 4 967
967 4 940
940 4 973
973 4 940
940 4 978
978 4 940
940 4 980
980 4 940
940 4 983
983 4 940
940 4 993
993 4 940
944 4 946
946 4 944
944 4 949
949 4 944
944 4 952
952 4 944
944 4 954
954 4 944
944 4 956
956 4 944
944 4 958
958 4 944
944 4 960
960 4 944
944 4 962
962 4 944
944 4 965
965 4 944
944 4 967
967 4 944
944 4 973
973 4 944
944 4 978
978 4 944
944 4 980
980 4 944
944 4 983
983 4 944
944 4 993
993 4 944
944 4 996
996 4 944
946 4 949
949 4 946
946 4 952
952 4 946
946 4 954
954 4 946
946 4 956
956 4 946
946 4 958
958 4 946
946 4 960
960 4 946
946 4 962
962 4 946
946 4 965
965 4 946
946 4 967
967 4 946
946 4 973
973 4 946
946 4 978
978 4 946
946 4 980
980 4 946
946 4 983
983 4 946
946 4 993
993 4 946
949 4 954
954 4 949
949 4 956
956 4 949
949 4 958
958 4 949
949 4 960
960 4 949
949 4 962
962 4 949
949 4 965
965 4 949
949 4 973
973 4 949
949 4 978
978 4 949
949 4 983
983 4 949
949 4 990
990 4 949
949 4 993
993 4 949
952 4 956
956 4 952
952 4 958
958 4 952
952 4 960
960 4 952
952 4 962
962 4 952
952 4 965
965 4 952
952 4 967
967 4 952
952 4 978
978 4 952
952 4 980
980 4 952
952 4 983
983 4 952
952 4 993
993 4 952
952 4 996
996 4 952
954 4 956
956 4 954
954 4 958
958 4 954
954 4 960
960 4 954
954 4 962
962 4 954
954 4 965
965 4 954
954 4 973
973 4 954
954 4 978
978 4 954
954 4 980
980 4 954
954 4 983
983 4 954
954 4 993
993 4 954
956 4 958
958 4 956
956 4 960
960 4 956
956 4 962
962 4 956
956 4 965
965 4 956
956 4 967
967 4 956
956 4 973
973 4 956
956 4 978
978 4 956
956 4 980
980 4 956
956 4 983
983 4 956
956 4 993
993 4 956
958 4 960
960 4 958
958 4 962
962 4 958
958 4 965
965 4 958
958 4 967
967 4 958
958 4 973
973 4 958
958 4 978
978 4 958
958 4 980
980 4 958
958 4 983
983 4 958
958 4 990
990 4 958
958 4 993
993 4 958
960 4 962
962 4 960
960 4 965
965 4 960
960 4 967
967 4 960
960 4 973
973 4 960
960 4 978
978 4 960
960 4 980
980 4 960
960 4 983
983 4 960
960 4 993
993 4 960
960 4 996
996 4 960
962 4 965
965 4 962
962 4 973
973 4 962
962 4 978
978 4 962
962 4 983
983 4 962
962 4 993
993 4 962
965 4 973
973 4 965
965 4 983
983 4 965
965 4 993
993 4 965
965 4 996
996 4 965
967 4 976
976 4 967
967 4 978
978 4 967
967 4 980
980 4 967
967 4 983
983 4 967
967 4 987
987 4 967
967 4 990
990 4 967
967 4 993
993 4 967
970 4 987
987 4 970
970 4 996
996 4 970
973 4 983
983 4 973
973 4 993
993 4 973
973 4 996
996 4 973
976 4 986
986 4 976
976 4 987
987 4 976
976 4 990
990 4 976
978 4 980
980 4 978
978 4 983
983 4 978
980 4 983
983 4 980
980 4 990
990 4 980
983 4 993
993 4 983
983 4 996
996 4 983
986 4 990
990 4 986
987 4 990
990 4 987
987 4 996
996 4 987
316 1 94
316 1 135
316 1 95
316 1 71
316 1 109
316 1 46
316 1 69
