0 78 44 34 85 58 67 92 51
1 129 118 115 142 126 152 137 107 155
2 172 169 160 174
3 190 225 223 206 265 191 215 258 241 236 253 250 239 232 186 247 203 194 262 218
4 294 277 287 311 302 291 289 307 284 309 268 274 314 279
5 356 374 361 350 369 363 329 324 365 334 371 352 336 385 366 367 341 379 332 344
6 463 431 442 469 433 386 412 425 452 438 420 441 400 428 457 443 398 447 394 389 392 451 465 396 403 416 418 470 467 426 435 454 421 405
7 506 526 509 513 520 489 517 477 515 499 484 474 494
8 543 532 545 547 537 550 540
9 566 571 556 565 567 563 569 555 570
10 573 581 583 600 598 592 576 587 596 582 602 590
11 637 628 611 625 634 639 616 643 631 604 622 652 646 613
12 733 660 704 719 675 746 743 694 689 751 671 723 708 740 697 735 727 673 717 679 712 730 685 761
13 813 769 808 800 811 786 791 825 764 832 802 817 834 807 822 810 784 778 796 774 798 804 828 835 782
14 859 851 839 853 862 865 873 869 871 846
15 882 896 884 904 907 894 900 892 902 897 899 875
16 930 912 962 956 970 983 980 958 925 993 940 990 989 949 978 929 932 946 960 967 937 918 965 916 954 973 927 952 976 996
17 152 169 733 115 993 155 904 341 960 946 250 265 339 236 892 400 540 897 784 949 352 694 673 944 355 186 894 579 682 929 489 479 520 550 875 334 223 174 570 350 954 958 367 0 515 385 983 361 21 517 356 484 215 962 262 284 379 142 329 973 940 126 483 129 477 107 965 634 98 935 927 504 921 239
18 668 960 918 78 890 172 595 944 517 118 341 581 0 973 561 579 789 909 671 887 869 712 604 51 535 965 44 573 884 983 643 896 582 152 543 916 344 337 374 465 694 329 987 592 367 160 933 556 862 381 129 875 996 85 350 930
19 611 668 78 581 935 911 416 115 652 190 545 172 289 973 181 506 561 152 443 515 925 993 467 768 960 932 517 483 835 929 899 892 565 429 547 396 648 582 940 469 694 421 532 265 477 958 730 894 646 215 379 804 284 385 811 719 567 965 923 229 712 946 377 751 896 780 956 682 794 509 571 386 566 373 808 540 247 789 589 918 225 51 978 494 912 983 218 778 989 85 457 350 967 245 550 341 952 643 537 520 579 600 107 169 954 126 900 499 44 177 504 361 937 442 660 555 884 583 897 949
20 0 862 890
21 223 396 589 51 535 911 930 377 937 355 609 543 712 960 85 177 912 371 118 802 0 927 386 445 967 319 365 668 363 576 625 337 925 44 379 34 902 155 887 245 190 92 652 873 884 78 334 499 894
22 769 314 789 952 555 807 944 673 717 229 21 730 509 919 223 472 504 58 648 454 909 435 477 581 484 236 815 386 324 798 277 660 946 489 967 107 637 465 900 190 499 194 894 450 983 174 940 925 592 211 513 332 862 923 440 634 137 115 794 882 385 322 420 339 307 545 980 780 443 337 808 218 583 445 483 904 451 371 302 305 431 352 215 366 825 142 460 126 810 871 262 802 956 817 287 515 247 363 309 570 265 369 800 832 250 559 912 336 978 625 921
23 832 423 490 218 21 137 993 592 834 311 470 155 147 435 740 129
24 361 169 952 350 177 598 894 352 600 297 236 545 962 965 477 365 774 174 484 515 429 784 339 203 896 385 513 782 520 126 367 899 85 904 634 377 98 935 21 504 479 247 329 911 875 250 225 287 956 336 379 381 334 239 371 302 581 628 565 929 815 946
25 567 596 373 719
26 764 160 954 350 980 528 540 550 535 576 537 34 921 133 875 532 373 174 567 946 925
27 570 820 622 305 229 186 958 800 442 769 545 798 563 625 654 628 637 810 774 371 935 602 34 555 857 297 929 639 740 907 454 309 438 190 569 631 528 451 447
28 658 431 571 537 800 435 454 460 990 836 274 613 438 556 398 433 565 426 643 902 447 794 289 229 648 853 664 133 452 526 203 474 628 319 324 44 51 849 241 569 646 367 225 930 463 309 949 986 590 429 712 602 811 693 563 421 791 403 671 561 911 366 587 566
29 556 811 526 563
30 751 708 58
31 887 616 421 274 836 369 808 835 396 598 571 429 211 452 472 241 849 245 654 853 664 565 152 851 811 277 365 772 740 428 579 181 191 652 433 862 671 890 289 483 857 268 467 58 970 426 556 704 463 871 398 869 431 465 712 682 673
32 768 398 746 743 452 907 839 780 887 980 407 526 853 431 403 460 909 648 67 902 697 571 671 786 976 442 191 426 918 865 987 717 447 862 277 463 181 689 761 465 719 587 451 751 418 470 389 723 930 305 344 467 807 654 857 373 307 441 836 423 822 704 804 241 258 421 772 469 890 92 472 798 341 58 970 289 933 835 416 337 262 694 374
33 675 719 967 67
34 835 798 869 807 679 416 704 634 768 535 817 802 392 147 420 810 733 800 506 873 789 769 181 820 571 822 305 389 366 791 555 786 452 294 980 551 834 435 796 778 67 813 465 851 772 782 780 804 871
35 181 890 416 199 396 442 836 355 611 808 802 825 377 67 137 810 332 820 637 454 859 794 426 307 622 609 976 341 440 441 314 660 389 373 602 682 566 559 896 469 369 451 714 443 420 418 918 450 675 400 447 834 311 405 297 902 897 727 967 291 425 704 322 366 374 460 490 394 846 419 474 786 494 987 302 452 236 309 540 428 555 646 693 258 909 472 445
36 954 983 78 334 956 929 561 949 133 882
37 774 897 764 569 92 332 639 967 907 743 311 302 279 206 319 392 268 782 590 611 314 418 616 438 506 247 559 813 652 846 768 573 730 604 798 528 714 658 405 322 613 460 832 457 791 551 451 287 294 817 426 305 400 412 307 625 428 637 815 986 717 274 474 297 419 241 385 648
38 494 416 279 587 420 92 470 622 294 314 769 727 810 962 834 472 791 474 268 978 796 490 882 405 186 147 369 778 428 780 277 366 513 394 813 412 392 419 832 247 332 291
39 155 361 98 142 265 129 137
40 796 423 834 740 592 993 822 490 386 967
41 513 250 479 937 566 559 489 440 420 239 646 262 509 494 169 115 379 361 291 978 392 236 365 334 727 477 935 474 778 107 949 782
42 268 118 769 438
43 177 590 613 133 569 526
44 804 569 643 851
45 590 172 583 576 952 996 532 600 598 433 160 579 356 596 573 918 457 582 595
46 155 169
47 191 871 547 381 733 543 537 764 535 668
48 467 786 595 911 912 442 807 679 177
49 714 232
50 932 897 912 218 899 563 919 639
51 394 241 450 441 398
52 660 611 609 733
53 679 859
54 622 454 604 609 637 817 314 658 643 532 369 611 429 639 778 274 311 628 631 825 289 646 596 457 438 590 820 907 976 986 616
55 403 685 463
56 344 933 932 884
57 352 682 673 820
58 772 811 356 668
59 389 441
60 517 400
61 689 412
62 598 520 532 582 996 970 987
63 919 639
64 693 616
65 719 907 853 836
66 817 772 804 764 789 871
67 839 967
