0 2 340
0 2 341
0 3 342
0 1 343
0 1 344
0 1 345
0 1 346
0 1 347
0 0 348
348 5 349
348 5 350
348 5 351
348 5 352
348 5 353
348 5 354
348 5 355
348 5 356
348 5 357
348 5 358
348 6 359
1 2 340
1 2 360
1 3 342
1 1 346
1 1 361
1 1 344
1 1 362
1 1 363
1 0 364
364 5 365
364 5 352
364 5 366
364 5 349
364 5 367
364 5 368
364 5 369
364 5 370
364 6 371
2 2 340
2 2 372
2 3 342
2 1 344
2 1 373
2 1 374
2 1 375
2 1 376
2 0 377
377 5 349
377 5 358
377 5 378
377 5 370
377 5 355
377 5 379
377 5 350
377 6 380
3 2 340
3 2 381
3 3 342
3 1 344
3 1 347
3 1 376
3 1 343
3 1 382
3 0 383
383 5 349
383 5 353
383 5 350
383 5 355
383 5 384
383 5 385
383 5 358
383 5 370
383 5 386
383 5 352
383 6 359
4 2 340
4 2 387
4 3 342
4 1 344
4 1 388
4 1 347
4 1 343
4 1 382
4 0 389
389 5 349
389 5 390
389 5 350
389 5 353
389 5 384
389 5 366
389 5 391
389 6 392
5 2 340
5 2 393
5 3 342
5 1 394
5 1 346
5 1 395
5 1 396
5 1 361
5 0 397
397 5 398
397 5 352
397 5 354
397 5 366
397 5 385
397 5 349
397 5 399
397 5 353
397 6 400
6 2 340
6 2 401
6 3 342
6 1 402
6 1 395
6 1 403
6 1 361
6 1 404
6 0 405
405 5 406
405 5 354
405 5 407
405 5 366
405 5 408
405 5 409
405 5 356
405 5 379
405 5 349
405 6 410
7 2 340
7 2 411
7 3 342
7 1 347
7 1 344
7 1 382
7 1 412
7 1 343
7 0 413
413 5 353
413 5 349
413 5 384
413 5 414
413 5 415
413 5 350
413 5 385
413 5 416
413 5 365
413 5 354
413 6 400
8 2 340
8 2 417
8 3 342
8 1 347
8 1 344
8 1 343
8 1 418
8 1 362
8 0 419
419 5 349
419 5 420
419 5 350
419 5 353
419 5 370
419 5 379
419 5 421
419 5 408
419 5 422
419 5 406
419 6 392
9 2 340
9 2 423
9 3 342
9 1 344
9 1 375
9 1 424
9 1 425
9 1 395
9 0 426
426 5 349
426 5 409
426 5 368
426 5 370
426 5 354
426 5 366
426 5 408
426 5 384
426 5 427
426 5 406
426 6 392
10 2 428
10 2 429
10 3 430
10 1 346
10 1 431
10 1 425
10 1 361
10 1 362
10 0 432
432 5 352
432 5 433
432 5 366
432 5 365
432 5 368
432 5 353
432 5 434
432 5 415
432 5 370
432 6 435
11 2 428
11 2 436
11 3 430
11 1 346
11 1 437
11 1 347
11 1 361
11 1 438
11 0 439
439 5 352
439 5 440
439 5 353
439 5 366
439 5 441
439 5 408
439 5 365
439 5 368
439 5 357
439 5 384
439 6 442
12 2 428
12 2 443
12 3 430
12 1 437
12 1 362
12 1 346
12 1 347
12 1 361
12 0 444
444 5 440
444 5 365
444 5 352
444 5 353
444 5 366
444 5 370
444 5 384
444 5 356
444 6 442
13 2 428
13 2 445
13 3 430
13 1 346
13 1 344
13 1 446
13 1 343
13 1 447
13 0 448
448 5 352
448 5 349
448 5 449
448 5 368
448 5 450
448 5 350
448 5 440
448 5 370
448 5 451
448 5 399
448 6 435
14 2 428
14 2 452
14 3 430
14 1 361
14 1 362
14 1 346
14 1 363
14 1 347
14 0 453
453 5 366
453 5 352
453 5 365
453 5 369
453 5 368
453 5 353
453 6 435
15 2 428
15 2 454
15 3 430
15 1 431
15 1 346
15 1 344
15 1 363
15 1 343
15 0 455
455 5 353
455 5 409
455 5 356
455 5 416
455 5 368
455 5 357
455 5 399
455 5 352
455 5 350
455 5 370
455 6 456
16 2 428
16 2 457
16 3 430
16 1 347
16 1 458
16 1 382
16 1 412
16 1 374
16 0 459
459 5 353
459 5 391
459 5 384
459 5 415
459 5 378
459 5 370
459 5 358
459 5 409
459 5 352
459 5 365
459 6 442
17 2 428
17 2 460
17 3 430
17 1 361
17 1 431
17 1 346
17 1 404
17 1 363
17 0 461
461 5 366
461 5 433
461 5 352
461 5 408
461 5 369
461 5 349
461 5 462
461 5 354
461 5 409
461 5 463
461 6 435
18 2 428
18 2 464
18 3 430
18 1 361
18 1 346
18 1 396
18 1 465
18 1 431
18 0 466
466 5 366
466 5 352
466 5 385
466 5 449
466 5 433
466 5 354
466 5 365
466 5 368
466 5 349
466 5 384
466 6 467
19 2 428
19 2 468
19 3 430
19 1 363
19 1 404
19 1 425
19 1 402
19 1 469
19 0 470
470 5 427
470 5 406
470 5 408
470 5 354
470 5 369
470 5 368
470 5 440
470 5 409
470 5 353
470 6 471
20 2 428
20 2 411
20 3 430
20 1 347
20 1 472
20 1 343
20 1 346
20 1 396
20 0 473
473 5 353
473 5 414
473 5 350
473 5 352
473 5 385
473 5 355
473 5 365
473 5 349
473 5 384
473 5 354
473 6 400
21 2 428
21 2 474
21 3 430
21 1 431
21 1 475
21 1 346
21 1 363
21 1 344
21 0 476
476 5 433
476 5 352
476 5 463
476 5 369
476 5 414
476 5 349
476 5 365
476 6 477
22 2 478
22 2 479
22 3 480
22 1 374
22 1 472
22 1 343
22 1 481
22 1 482
22 0 483
483 5 378
483 5 414
483 5 350
483 5 484
483 5 379
483 5 416
483 5 485
483 5 352
483 5 406
483 5 358
483 6 400
23 2 478
23 2 486
23 3 480
23 1 346
23 1 437
23 1 347
23 1 362
23 1 475
23 0 487
487 5 352
487 5 365
487 5 440
487 5 353
487 5 463
487 5 433
487 5 391
487 5 368
487 5 384
487 5 399
487 6 442
24 2 478
24 2 488
24 3 480
24 1 346
24 1 362
24 1 472
24 1 343
24 1 347
25 2 478
25 2 457
25 3 480
25 1 361
25 1 346
25 1 362
25 1 374
25 0 489
489 5 366
489 5 352
489 5 365
489 5 378
489 5 358
489 5 408
489 5 353
489 5 415
489 5 367
489 5 354
489 6 490
26 2 478
26 2 491
26 3 480
26 1 344
26 1 382
26 1 362
26 1 347
26 1 458
26 1 492
26 0 493
493 5 349
493 5 384
493 5 365
493 5 353
493 5 391
493 5 356
493 5 357
493 5 350
493 5 390
493 5 352
493 6 400
27 2 494
27 2 495
27 3 496
27 1 402
27 1 396
27 1 395
27 1 404
27 1 347
27 0 497
28 2 494
28 2 498
28 3 496
28 1 361
28 1 402
28 1 425
28 1 375
28 1 346
28 0 499
499 5 366
499 5 406
499 5 368
499 5 370
499 5 352
499 6 500
29 2 494
29 2 340
29 3 496
29 1 361
29 1 375
29 1 347
29 1 425
29 1 344
30 2 494
30 2 501
30 3 496
30 1 361
30 1 375
30 1 395
30 1 482
30 1 396
30 0 502
502 5 366
502 5 370
502 5 379
502 5 354
502 5 384
502 5 385
502 5 349
502 5 356
502 5 378
502 5 365
502 6 359
31 2 494
31 2 503
31 3 496
31 1 361
31 1 504
31 1 505
31 0 506
32 2 494
32 2 429
32 3 496
32 1 404
32 1 507
32 1 508
32 0 509
509 5 408
509 5 368
509 5 366
509 5 409
509 5 354
509 5 416
509 5 353
509 5 441
509 5 369
509 5 440
509 6 410
33 2 494
33 2 510
33 3 496
33 1 361
33 1 362
33 1 346
33 1 382
33 0 511
34 2 494
34 2 512
34 3 496
34 1 424
34 1 513
34 1 514
34 0 515
515 5 409
515 5 366
515 5 406
515 5 408
515 5 416
515 5 368
515 5 384
515 5 370
515 6 410
35 2 494
35 2 516
35 3 496
35 1 361
35 1 404
35 1 347
35 1 396
35 1 382
35 0 517
517 5 366
517 5 408
517 5 353
517 5 385
517 5 384
517 5 365
517 5 409
517 5 354
517 5 370
517 5 368
517 6 518
36 2 494
36 2 436
36 3 496
36 1 361
36 1 347
36 1 346
36 1 362
36 1 396
36 0 519
519 5 408
519 5 354
519 5 352
519 5 415
519 5 365
519 5 366
519 5 353
519 5 385
519 5 367
519 5 368
519 6 520
37 2 494
37 2 521
37 3 496
37 1 347
37 1 346
37 1 361
37 1 363
37 1 522
37 0 523
523 5 353
523 5 352
523 5 366
523 5 369
523 5 357
523 5 368
523 5 365
523 5 451
523 5 399
523 6 524
38 2 494
38 2 452
38 3 496
38 1 361
38 1 347
38 1 346
38 1 431
38 1 344
38 0 525
525 5 366
525 5 433
525 5 352
525 5 365
525 5 353
525 5 463
525 5 349
525 5 406
525 5 369
525 5 379
525 6 477
39 2 494
39 2 526
39 3 496
39 1 347
39 1 361
39 1 346
39 1 382
39 1 362
39 0 527
527 5 353
527 5 366
527 5 352
527 5 384
527 5 365
527 5 378
527 5 391
527 5 385
527 5 358
527 5 370
527 6 528
40 2 494
40 2 529
40 3 496
40 1 361
40 1 347
40 1 382
40 1 375
40 0 530
41 2 494
41 2 457
41 3 496
41 1 424
41 1 531
41 1 507
41 0 532
532 5 406
532 5 366
532 5 415
532 5 385
532 5 352
532 5 354
532 5 384
532 5 379
532 5 370
532 5 353
532 6 533
42 2 494
42 2 534
42 3 496
42 1 437
42 1 362
42 1 361
42 1 404
42 1 346
42 0 535
535 5 440
535 5 365
535 5 366
535 5 352
535 5 408
535 5 415
535 5 368
535 5 384
535 5 409
535 6 490
43 2 494
43 2 464
43 3 496
43 1 346
43 1 361
43 1 437
43 1 362
43 1 347
43 0 536
536 5 352
536 5 366
536 5 440
536 5 365
536 5 353
536 5 385
536 5 354
536 5 349
536 5 367
536 5 415
536 6 442
44 2 494
44 2 537
44 3 496
44 1 396
44 1 395
44 1 382
44 1 424
44 1 538
44 0 539
45 2 494
45 2 540
45 3 496
45 1 361
45 1 344
45 1 347
45 1 396
46 2 494
46 2 541
46 3 496
46 1 361
46 1 424
46 1 425
46 1 362
46 1 347
46 0 542
542 5 366
542 5 409
542 5 368
542 5 365
542 5 353
542 5 416
542 5 370
542 6 410
47 2 494
47 2 543
47 3 496
47 1 361
47 1 362
47 1 347
47 1 346
47 1 437
47 0 544
544 5 366
544 5 365
544 5 353
544 5 352
544 5 440
544 5 368
544 5 384
544 6 442
48 2 494
48 2 545
48 3 496
48 1 404
48 1 546
48 1 547
48 0 548
548 5 408
548 5 354
548 5 353
548 5 350
548 5 366
548 5 462
548 5 349
548 5 368
548 5 352
548 5 370
548 6 442
49 2 494
49 2 549
49 3 496
49 1 404
49 1 395
49 1 382
49 1 550
49 0 551
50 2 494
50 2 552
50 3 496
50 1 346
50 1 361
50 1 437
50 1 395
50 0 553
51 2 494
51 2 554
51 3 496
51 1 346
51 1 437
51 1 431
51 1 361
51 1 347
51 0 555
52 2 556
52 2 557
52 3 558
52 1 396
52 1 446
52 1 559
52 1 424
52 1 425
52 0 560
53 2 556
53 2 340
53 3 558
53 1 561
53 1 424
53 1 396
53 1 382
53 1 395
53 0 562
562 5 416
562 5 385
562 5 409
562 5 384
562 5 354
562 6 392
54 2 556
54 2 429
54 3 558
54 1 424
54 1 396
54 1 361
54 1 425
54 1 395
54 0 563
563 5 409
563 5 385
563 5 368
563 5 366
563 5 354
563 5 427
563 5 416
563 5 353
563 5 420
563 5 352
563 6 471
55 2 556
55 2 564
55 3 558
55 1 424
55 1 425
55 1 561
55 1 565
55 0 566
566 5 409
566 5 384
566 5 385
566 5 406
566 5 366
566 5 369
566 5 353
566 5 408
566 5 420
566 5 441
566 6 567
56 2 556
56 2 568
56 3 558
56 1 362
56 1 343
56 1 346
56 1 425
56 1 347
56 0 569
569 5 409
569 5 406
569 5 368
569 5 440
569 5 416
569 5 399
569 5 353
569 5 384
569 6 567
57 2 556
57 2 452
57 3 558
57 1 424
57 1 404
57 1 361
57 1 395
57 1 362
57 0 570
58 2 556
58 2 571
58 3 558
58 1 382
58 1 396
58 1 347
58 1 561
58 1 395
58 0 570
59 2 556
59 2 572
59 3 558
59 1 437
59 1 402
59 1 424
59 1 404
59 1 425
59 0 573
573 5 440
573 5 406
573 5 409
573 5 408
573 5 368
573 5 370
573 5 399
573 5 427
573 5 451
573 5 416
573 6 456
60 2 556
60 2 574
60 3 558
60 1 424
60 1 402
60 1 425
60 1 469
60 1 437
60 0 575
575 5 409
575 5 406
575 5 427
575 5 368
575 5 440
575 5 354
575 5 384
575 5 366
575 6 567
61 2 556
61 2 576
61 3 558
61 1 424
61 1 577
61 1 362
61 1 404
61 1 375
61 0 578
578 5 409
578 5 365
578 5 370
578 5 408
578 5 368
578 5 406
578 5 384
578 5 462
578 5 349
578 5 366
578 6 579
62 2 556
62 2 580
62 3 558
62 1 424
62 1 362
62 1 361
62 1 404
62 1 425
62 0 581
581 5 409
581 5 365
581 5 366
581 5 408
581 5 368
581 5 462
581 5 406
581 5 370
581 6 567
63 2 556
63 2 460
63 3 558
63 1 361
63 1 424
63 1 402
63 1 395
63 1 375
63 0 582
582 5 366
582 5 409
582 5 406
582 5 354
582 5 370
582 5 384
582 6 456
64 2 556
64 2 464
64 3 558
64 1 424
64 1 404
64 1 425
64 1 361
64 1 395
64 0 583
583 5 409
583 5 408
583 5 368
583 5 366
583 5 354
583 5 406
583 5 440
583 6 410
65 2 556
65 2 584
65 3 558
65 1 404
65 1 424
65 1 361
65 1 375
65 1 382
66 2 556
66 2 468
66 3 558
66 1 424
66 1 404
66 1 395
66 1 561
66 1 363
66 0 585
585 5 409
585 5 408
585 5 416
585 5 354
585 5 369
585 5 370
585 5 368
585 5 356
585 5 440
585 5 384
585 6 586
67 2 556
67 2 541
67 3 558
67 1 424
67 1 361
67 1 425
67 1 561
67 1 404
67 0 587
587 5 409
587 5 366
587 5 368
587 5 416
587 5 408
587 5 353
587 5 356
587 5 350
587 6 567
68 2 556
68 2 588
68 3 558
68 0 589
589 5 409
589 5 353
589 5 408
589 5 368
589 5 384
589 5 365
589 5 391
589 5 406
589 5 440
589 6 410
69 2 556
69 2 590
69 3 558
69 1 382
69 1 424
69 1 458
69 1 561
69 1 344
69 0 591
591 5 384
591 5 409
591 5 391
591 5 416
591 5 349
591 5 370
591 5 385
591 5 354
591 5 355
591 5 358
591 6 392
70 2 556
70 2 554
70 3 558
70 1 361
70 1 404
70 1 424
70 0 592
592 5 366
592 5 409
592 5 408
592 5 462
592 5 368
592 5 440
592 6 410
71 2 593
71 2 594
71 3 595
71 1 361
71 1 596
71 1 382
71 1 472
72 2 593
72 2 597
72 3 595
72 1 346
72 1 347
72 1 362
72 1 343
72 1 344
72 0 598
598 5 352
598 5 365
598 5 353
598 5 408
598 5 368
598 5 349
598 5 366
598 5 367
598 5 440
598 5 350
598 6 520
73 2 593
73 2 599
73 3 595
73 1 404
73 1 424
73 1 425
73 1 361
73 1 347
74 2 593
74 2 600
74 3 595
74 1 346
74 1 437
74 1 362
74 1 344
74 1 412
75 2 593
75 2 429
75 3 595
75 1 361
75 1 362
76 2 593
76 2 601
76 3 595
76 1 395
76 1 343
76 1 361
76 1 344
76 1 346
77 2 593
77 2 479
77 3 595
77 1 347
77 1 346
77 1 362
77 1 343
77 1 361
77 0 602
602 5 353
602 5 352
602 5 365
602 5 350
602 5 366
602 5 440
602 5 378
602 5 349
602 5 358
602 6 442
78 2 593
78 2 603
78 3 595
78 1 395
78 1 404
78 1 346
78 1 343
78 1 347
78 0 604
604 5 354
604 5 408
604 5 352
604 5 350
604 5 353
604 5 365
604 5 384
604 5 385
604 5 415
604 5 386
604 6 400
79 2 593
79 2 605
79 3 595
79 1 343
79 1 347
79 1 361
79 1 606
79 1 395
79 0 607
607 5 350
607 5 353
607 5 366
607 5 386
607 5 354
607 5 349
607 5 352
607 5 440
607 5 608
607 5 385
607 6 609
80 2 593
80 2 610
80 3 595
80 1 362
80 1 343
80 1 346
80 1 374
80 1 347
81 2 593
81 2 611
81 3 595
81 1 361
81 1 346
81 1 612
81 1 395
81 1 362
82 2 593
82 2 457
82 3 595
82 1 361
82 1 346
82 1 344
82 1 362
82 1 404
83 2 593
83 2 613
83 3 595
83 1 361
83 1 472
83 1 614
83 1 346
83 1 615
83 0 616
616 5 366
616 5 352
616 5 414
616 5 420
616 5 365
616 5 385
616 5 421
616 5 353
616 5 354
616 5 356
616 6 442
84 2 593
84 2 617
84 3 595
84 1 346
84 1 362
84 1 431
84 1 437
84 1 347
85 2 593
85 2 574
85 3 595
85 1 344
85 1 361
85 0 618
618 5 365
618 5 352
618 5 450
618 5 353
618 5 440
618 5 462
618 5 366
618 5 408
618 5 350
618 5 368
618 6 400
86 2 593
86 2 534
86 3 595
86 1 396
86 1 346
86 1 437
86 1 362
86 1 344
87 2 593
87 2 387
87 3 595
87 1 404
87 1 361
87 1 425
87 1 402
87 1 382
88 2 593
88 2 619
88 3 595
88 1 343
88 1 362
88 1 346
88 1 375
88 1 382
89 2 593
89 2 620
89 3 595
89 1 361
89 1 396
89 1 404
89 1 425
89 1 561
90 2 593
90 2 393
90 3 595
90 1 362
90 1 344
90 1 361
90 1 346
90 1 375
90 0 621
621 5 365
621 5 349
621 5 366
621 5 352
621 5 370
621 5 353
621 5 415
621 5 367
621 5 350
621 6 520
91 2 593
91 2 545
91 3 595
91 1 404
91 1 395
91 1 374
91 1 347
91 1 373
92 2 593
92 2 622
92 3 595
92 1 404
92 1 396
92 1 395
92 1 343
92 1 361
92 0 623
623 5 408
623 5 385
623 5 350
623 5 354
623 5 366
623 5 386
623 5 384
623 5 349
623 5 353
623 5 406
623 6 520
93 2 593
93 2 624
93 3 595
93 1 362
93 1 404
93 1 344
93 1 347
94 2 593
94 2 625
94 3 595
94 1 346
94 1 362
94 1 347
94 1 437
94 1 344
95 2 593
95 2 417
95 3 595
95 1 374
95 1 362
95 1 343
95 1 626
95 1 482
95 0 627
627 5 378
627 5 365
627 5 350
627 5 379
627 5 422
627 5 358
627 5 628
627 6 380
96 2 593
96 2 554
96 3 595
96 1 361
96 1 346
96 1 362
96 1 347
96 1 424
97 2 629
97 2 599
97 3 630
97 1 362
97 1 438
97 1 344
97 1 361
97 1 347
98 2 629
98 2 631
98 3 630
98 1 404
98 1 396
98 1 632
98 1 395
98 1 402
99 2 629
99 2 429
99 3 630
99 1 361
99 1 424
99 1 402
99 1 437
99 1 425
99 0 633
633 5 366
633 5 365
633 5 352
633 5 440
633 5 409
633 6 410
100 2 629
100 2 634
100 3 630
100 1 404
100 1 538
100 1 424
100 1 361
100 1 425
101 2 629
101 2 436
101 3 630
101 1 347
101 1 635
101 1 344
101 1 404
101 1 396
102 2 629
102 2 636
102 3 630
102 1 404
102 1 396
102 1 395
102 1 538
102 1 382
103 2 629
103 2 637
103 3 630
103 1 346
103 1 404
103 1 424
103 1 638
103 1 395
104 2 629
104 2 564
104 3 630
104 1 395
104 1 565
104 1 404
104 1 382
104 1 639
105 2 629
105 2 640
105 3 630
105 1 424
105 1 425
105 1 404
106 2 629
106 2 641
106 3 630
106 1 395
106 1 642
106 1 643
106 0 644
644 5 349
644 5 354
644 5 385
644 5 408
644 5 406
644 5 366
644 5 462
644 5 384
644 5 379
644 5 368
644 6 359
107 2 629
107 2 645
107 3 630
107 1 646
107 1 424
107 1 425
107 1 647
108 2 629
108 2 648
108 3 630
108 1 404
108 1 347
108 1 402
108 1 425
108 1 395
109 2 629
109 2 568
109 3 630
109 1 404
109 1 402
109 1 425
109 1 424
109 1 395
110 2 629
110 2 452
110 3 630
110 1 404
110 1 395
110 1 425
110 1 361
110 1 424
111 2 629
111 2 526
111 3 630
111 1 404
111 1 425
111 1 402
111 1 361
111 1 437
112 2 629
112 2 610
112 3 630
112 1 404
112 1 382
112 1 347
112 1 396
112 1 395
112 0 649
649 5 408
649 5 384
649 5 353
649 5 385
649 5 354
649 5 370
649 6 410
113 2 629
113 2 571
113 3 630
113 1 404
113 1 438
113 1 363
113 1 650
113 1 395
114 2 629
114 2 576
114 3 630
114 1 424
114 1 404
114 1 382
114 1 347
114 1 425
115 2 629
115 2 651
115 3 630
115 1 404
115 1 396
115 1 382
115 1 395
115 1 424
116 2 629
116 2 460
116 3 630
116 1 404
116 1 395
116 1 396
116 1 425
116 1 424
117 2 629
117 2 652
117 3 630
117 1 382
117 1 561
117 1 347
117 1 396
117 1 362
118 2 629
118 2 653
118 3 630
118 1 395
118 1 361
118 1 396
118 1 382
118 1 561
119 2 629
119 2 654
119 3 630
119 1 375
119 1 561
119 1 472
119 1 382
119 1 396
120 2 629
120 2 655
120 3 630
120 1 382
120 1 656
120 1 402
120 1 361
120 1 363
121 2 629
121 2 584
121 3 630
121 1 561
121 1 375
121 1 382
121 1 424
121 1 446
121 0 657
657 5 416
657 5 370
657 5 409
657 5 384
657 5 449
657 6 567
122 2 629
122 2 468
122 3 630
122 1 402
122 1 425
122 1 437
122 1 404
122 1 361
123 2 629
123 2 545
123 3 630
123 1 404
123 1 395
123 1 538
123 1 396
123 1 632
124 2 629
124 2 491
124 3 630
124 1 395
124 1 347
124 1 492
124 1 404
124 1 375
125 2 629
125 2 658
125 3 630
125 1 404
125 1 347
125 1 424
125 1 361
125 1 395
126 2 629
126 2 659
126 3 630
126 1 404
126 1 395
126 1 424
126 1 361
126 1 344
127 2 629
127 2 660
127 3 630
127 1 404
127 1 395
127 1 375
127 1 382
127 1 425
127 0 661
661 5 408
661 5 354
661 5 370
661 5 384
661 5 368
661 5 462
661 5 353
661 6 586
128 2 629
128 2 549
128 3 630
128 1 404
128 1 647
128 1 472
128 1 538
128 1 361
129 2 629
129 2 622
129 3 630
129 1 404
129 1 395
129 1 424
129 1 375
129 1 361
130 2 629
130 2 662
130 3 630
130 1 404
130 1 396
130 1 395
130 1 382
130 1 402
131 2 629
131 2 663
131 3 630
131 1 561
131 1 375
131 1 404
131 1 382
131 1 361
131 0 664
664 5 416
664 5 370
664 5 408
664 5 384
664 5 366
664 5 368
664 5 354
664 5 406
664 5 390
664 5 409
664 6 410
132 2 629
132 2 417
132 3 630
132 1 561
132 1 472
132 1 424
132 1 347
132 1 362
132 0 665
665 5 416
665 5 414
665 5 409
665 5 353
665 5 367
665 5 365
665 5 440
665 5 366
665 5 352
665 6 666
133 2 629
133 2 667
133 3 630
133 1 404
133 1 424
133 1 382
133 1 395
133 1 361
133 0 668
668 5 408
668 5 409
668 5 384
668 5 354
668 5 366
668 5 353
668 5 385
668 5 368
668 5 416
668 5 365
668 6 392
134 2 629
134 2 669
134 3 630
134 1 395
134 1 404
134 1 565
134 1 396
134 1 382
135 2 629
135 2 670
135 3 630
135 1 402
135 1 395
135 1 361
135 1 396
135 1 343
136 2 629
136 2 671
136 3 630
136 1 404
136 1 395
136 1 396
136 1 347
136 1 492
137 2 629
137 2 588
137 3 630
137 1 404
137 1 395
137 1 347
138 2 629
138 2 672
138 3 630
138 1 363
138 1 438
138 1 404
138 1 425
138 1 395
139 2 629
139 2 673
139 3 630
139 1 404
139 1 395
139 1 361
139 1 396
139 1 425
140 2 486
140 2 599
140 3 674
140 1 437
140 1 404
140 1 424
140 1 425
140 1 382
140 0 675
675 5 440
675 5 408
675 5 409
675 5 368
675 5 384
675 5 369
675 5 370
675 5 353
675 6 477
141 2 486
141 2 600
141 3 674
141 1 346
141 1 362
141 1 347
141 1 361
141 1 437
141 0 676
676 5 352
676 5 365
676 5 353
676 5 440
676 5 366
676 5 357
676 5 354
676 5 350
676 5 451
676 5 367
676 6 500
142 2 486
142 2 677
142 3 674
142 1 437
142 1 362
142 1 346
142 1 361
142 1 438
142 0 678
678 5 440
678 5 365
678 5 352
678 5 366
678 5 441
678 5 399
678 5 369
678 5 608
678 5 354
678 6 679
143 2 486
143 2 634
143 3 674
143 1 396
143 1 361
143 1 347
143 1 346
143 1 382
144 2 486
144 2 680
144 3 674
144 1 346
144 1 362
144 1 681
144 1 361
144 1 374
144 0 682
682 5 352
682 5 365
682 5 683
682 5 366
682 5 378
682 5 367
682 5 358
682 5 440
682 5 353
682 5 379
682 6 380
145 2 486
145 2 637
145 3 674
145 1 437
145 1 346
145 1 402
145 1 362
145 1 361
146 2 486
146 2 684
146 3 674
146 1 437
146 1 404
146 1 363
146 1 438
146 1 425
146 0 685
685 5 440
685 5 408
685 5 369
685 5 441
685 5 368
685 5 366
685 5 406
685 5 409
685 5 686
685 5 353
685 6 410
147 2 486
147 2 687
147 3 674
147 1 437
147 1 347
147 1 425
147 1 395
147 1 404
147 0 688
688 5 440
688 5 353
688 5 368
688 5 354
688 5 408
688 5 689
688 6 690
148 2 486
148 2 691
148 3 674
148 1 361
148 1 692
148 1 382
148 1 347
148 1 344
148 0 693
693 5 441
693 5 694
693 5 390
693 5 384
693 5 353
693 5 349
693 5 379
693 5 391
693 5 355
693 5 440
693 6 528
149 2 486
149 2 457
149 3 674
149 1 346
149 1 347
149 1 362
149 1 361
149 1 412
149 0 695
695 5 352
695 5 353
695 5 365
695 5 366
695 5 415
695 5 357
695 5 440
695 5 451
695 6 520
150 2 486
150 2 460
150 3 674
150 1 437
150 1 347
150 1 424
150 1 402
150 1 375
150 0 696
696 5 440
696 5 353
696 5 409
696 5 406
696 5 370
696 5 368
696 5 366
696 5 384
696 5 416
696 5 421
696 6 697
151 2 486
151 2 698
151 3 674
151 1 361
151 1 437
151 1 347
151 0 699
699 5 353
699 5 408
699 5 366
699 5 440
699 5 352
699 5 384
699 5 354
699 5 357
699 6 700
152 2 486
152 2 534
152 3 674
152 1 361
152 1 437
152 1 346
152 1 362
152 1 425
152 0 701
701 5 366
701 5 440
701 5 352
701 5 365
701 5 368
701 6 490
153 2 486
153 2 464
153 3 674
153 1 361
153 1 347
153 1 362
153 1 346
153 1 522
153 0 702
702 5 366
702 5 353
702 5 365
702 5 352
702 5 357
702 5 350
702 6 467
154 2 486
154 2 703
154 3 674
154 1 346
154 1 347
154 1 343
154 1 638
154 0 704
704 5 353
704 5 352
704 5 365
704 5 357
704 5 628
704 5 378
704 5 367
704 5 451
704 5 440
704 5 354
704 6 442
155 2 486
155 2 705
155 3 674
155 1 347
155 1 346
155 1 362
155 1 706
155 1 522
155 0 707
707 5 352
707 5 353
707 5 440
707 5 365
707 5 451
707 5 628
707 5 357
707 5 378
707 5 708
707 5 355
707 6 709
156 2 486
156 2 588
156 3 674
156 1 458
156 1 382
156 1 404
156 1 395
156 1 388
156 0 710
710 5 391
710 5 384
710 5 385
710 5 390
710 5 353
710 5 354
710 5 408
710 5 357
710 5 409
710 6 392
157 2 711
157 2 631
157 3 712
157 1 374
157 1 482
157 1 424
157 1 375
157 1 382
157 0 713
713 5 378
713 5 409
713 5 408
713 5 427
713 5 379
713 5 384
713 5 440
713 5 689
713 5 358
713 5 366
713 6 380
158 2 711
158 2 714
158 3 712
158 1 374
158 1 706
158 1 561
158 1 472
158 1 347
158 0 715
715 5 378
715 5 628
715 5 416
715 5 414
715 5 353
715 5 440
715 5 379
715 5 354
715 5 356
715 5 368
715 6 400
159 2 711
159 2 479
159 3 712
159 1 374
159 1 482
159 1 402
159 1 343
159 1 344
159 0 716
716 5 378
716 5 379
716 5 350
716 5 406
716 5 349
716 5 358
716 5 357
716 5 451
716 5 356
716 6 380
160 2 711
160 2 717
160 3 712
160 1 374
160 1 396
160 1 482
160 1 382
160 1 347
160 0 718
718 5 378
718 5 385
718 5 384
718 5 379
718 5 353
718 5 349
718 5 370
718 5 358
718 5 440
718 6 400
161 2 711
161 2 719
161 3 712
161 1 374
161 1 404
161 1 347
161 1 346
161 1 343
161 1 395
161 0 720
720 5 378
720 5 408
720 5 353
720 5 352
720 5 350
720 5 354
720 5 384
720 5 379
720 5 422
720 5 365
720 6 371
162 2 711
162 2 721
162 3 712
162 1 374
162 1 344
162 1 343
162 1 482
162 1 373
163 2 711
163 2 460
163 3 712
163 1 361
163 1 382
163 1 375
163 1 347
163 1 362
163 0 722
722 5 366
722 5 384
722 5 370
722 5 353
722 5 365
722 5 409
722 5 352
722 6 456
164 2 711
164 2 540
164 3 712
164 1 347
164 1 374
164 1 522
164 1 723
164 1 482
164 0 724
724 5 353
724 5 378
724 5 357
724 5 451
724 5 379
724 5 356
724 5 384
724 5 416
724 5 358
724 5 370
724 6 380
165 2 711
165 2 417
165 3 712
165 1 374
165 1 404
165 1 347
165 1 346
165 1 343
165 0 720
166 2 725
166 2 597
166 3 726
166 1 402
166 1 375
166 1 727
166 1 446
166 1 424
167 2 725
167 2 634
167 3 726
167 1 361
167 1 404
167 1 402
167 1 375
167 1 347
168 2 725
168 2 728
168 3 726
168 1 343
168 1 382
168 1 344
168 1 396
168 1 388
168 0 729
729 5 350
729 5 385
729 5 349
729 5 384
729 5 390
729 5 365
729 5 354
729 5 355
729 5 357
729 5 352
729 6 442
169 2 725
169 2 730
169 3 726
169 1 361
169 1 437
169 1 424
169 1 404
169 1 382
170 2 725
170 2 457
170 3 726
170 1 343
170 1 382
170 1 347
170 1 346
170 1 412
170 0 731
731 5 384
731 5 350
731 5 353
731 5 352
731 5 415
731 5 385
731 5 370
731 5 365
731 5 628
731 5 367
731 6 520
171 2 725
171 2 572
171 3 726
171 1 375
171 1 382
171 1 402
171 1 388
171 1 522
171 0 732
732 5 370
732 5 384
732 5 406
732 5 357
732 5 390
732 5 353
732 5 379
732 5 354
732 6 456
172 2 725
172 2 460
172 3 726
172 1 396
172 1 347
172 1 382
172 1 343
172 1 362
173 2 725
173 2 698
173 3 726
173 1 382
173 1 347
173 1 361
173 1 437
173 1 404
174 2 725
174 2 417
174 3 726
174 1 344
174 1 343
174 1 374
174 1 347
174 1 373
174 0 733
733 5 349
733 5 378
733 5 350
733 5 353
733 5 358
733 5 416
733 5 414
733 5 365
733 5 355
733 5 379
733 6 400
175 2 725
175 2 588
175 3 726
175 1 382
175 1 458
175 1 424
175 1 375
175 1 469
176 2 725
176 2 672
176 3 726
176 1 346
176 1 362
176 1 375
176 1 361
176 1 363
177 2 725
177 2 734
177 3 726
177 1 402
177 1 347
177 1 395
177 1 396
177 1 382
178 2 735
178 2 594
178 3 736
178 1 344
178 1 472
178 1 404
178 1 424
178 1 343
179 2 735
179 2 737
179 3 736
179 1 343
179 1 374
179 1 472
179 1 345
179 1 344
179 0 738
738 5 378
738 5 350
738 5 414
738 5 351
738 5 416
738 5 398
738 5 385
738 5 349
738 5 354
738 5 379
738 6 359
180 2 735
180 2 479
180 3 736
180 1 347
180 1 472
180 1 343
180 1 346
180 1 396
180 0 739
739 5 353
739 5 414
739 5 350
739 5 352
739 5 385
739 5 355
739 5 365
739 5 349
739 5 384
739 5 354
739 6 400
181 2 735
181 2 494
181 3 736
181 1 361
181 1 347
181 1 362
181 1 346
181 1 343
182 2 735
182 2 486
182 3 736
182 1 706
182 1 472
182 1 347
182 1 343
182 1 482
183 2 735
183 2 613
183 3 736
183 1 361
183 1 472
183 1 347
183 1 362
183 1 740
183 0 741
741 5 366
741 5 414
741 5 365
741 5 352
741 5 353
741 6 742
184 2 735
184 2 655
184 3 736
184 1 404
184 1 395
184 1 375
184 1 382
184 1 425
184 0 743
743 5 353
743 5 385
743 5 354
743 5 414
743 5 384
743 6 359
185 2 735
185 2 540
185 3 736
185 1 347
185 1 396
185 1 344
185 1 706
185 1 382
186 2 735
186 2 663
186 3 736
186 1 561
186 1 472
186 1 458
186 1 382
186 1 424
186 0 744
744 5 416
744 5 414
744 5 391
744 5 384
744 5 409
744 5 408
744 5 354
744 6 359
187 2 735
187 2 745
187 3 736
187 1 438
187 1 363
187 1 361
187 1 437
187 1 343
187 0 746
746 5 370
746 5 414
746 5 384
746 5 365
746 5 379
746 6 359
188 2 735
188 2 417
188 3 736
188 1 472
188 1 343
188 1 362
188 1 492
188 1 626
189 2 735
189 2 747
189 3 736
189 1 344
189 1 472
189 1 343
189 1 373
189 1 561
190 2 735
190 2 748
190 3 736
190 1 706
190 1 424
190 1 362
190 1 396
190 1 472
191 2 735
191 2 671
191 3 736
191 1 396
191 1 472
191 1 347
191 1 343
191 1 362
191 0 749
749 5 385
749 5 350
749 5 414
749 5 353
749 5 384
749 5 365
749 5 355
749 5 352
749 5 422
749 6 518
192 2 735
192 2 750
192 3 736
192 1 404
192 1 375
192 1 424
192 1 382
192 1 492
193 2 751
193 2 594
193 3 752
193 1 561
193 1 472
193 1 343
193 1 344
193 1 424
193 0 753
753 5 416
753 5 414
753 5 349
753 5 350
753 5 379
753 5 422
753 5 409
753 5 378
753 5 355
753 5 628
753 6 754
194 2 751
194 2 340
194 3 752
194 1 561
194 1 344
194 1 404
194 1 375
194 1 547
194 0 755
755 5 416
755 5 349
755 5 370
755 5 399
755 5 408
755 5 414
755 5 350
755 5 409
755 5 384
755 5 379
755 6 754
195 2 751
195 2 516
195 3 752
195 1 561
195 1 404
195 1 424
195 1 347
195 1 547
195 0 756
756 5 416
756 5 408
756 5 409
756 5 353
756 5 399
756 5 385
756 5 368
756 5 354
756 5 356
756 5 355
756 6 567
196 2 751
196 2 757
196 3 752
196 1 561
196 1 382
196 1 424
196 1 458
196 1 347
196 0 758
758 5 416
758 5 366
758 5 370
758 5 409
758 5 406
758 5 356
758 5 384
758 5 365
758 6 567
197 2 751
197 2 759
197 3 752
197 1 561
197 1 396
197 1 760
197 1 424
197 1 382
197 0 761
761 5 416
761 5 385
761 5 762
761 5 409
761 5 384
761 5 370
761 5 350
761 5 349
761 5 354
761 6 763
198 2 751
198 2 764
198 3 752
198 1 424
198 1 561
198 1 425
198 1 404
198 1 375
198 0 765
765 5 409
765 5 416
765 5 368
765 5 408
765 5 370
765 5 366
765 5 384
765 5 354
765 6 567
199 2 751
199 2 568
199 3 752
199 1 424
199 1 766
199 1 361
199 1 344
199 1 375
199 0 767
767 5 409
767 5 408
767 5 366
767 5 349
767 5 353
767 5 370
767 5 354
767 5 368
767 5 369
767 5 365
767 6 410
200 2 751
200 2 768
200 3 752
200 1 561
200 1 375
200 1 362
200 1 382
200 1 424
200 0 769
769 5 416
769 5 370
769 5 365
769 5 366
769 5 352
769 5 384
769 5 409
769 6 567
201 2 751
201 2 770
201 3 752
201 1 561
201 1 424
201 1 375
201 0 771
771 5 416
771 5 370
771 5 384
771 5 409
771 5 406
771 6 456
202 2 751
202 2 613
202 3 752
202 1 361
202 1 402
202 1 362
202 1 346
202 0 772
772 5 349
772 5 384
772 5 365
772 5 353
772 5 391
772 5 356
772 5 357
772 5 350
772 5 390
772 5 352
772 6 773
203 2 751
203 2 576
203 3 752
203 1 561
203 1 424
203 1 361
203 1 404
203 1 375
203 0 774
774 5 416
774 5 409
774 5 366
774 5 408
774 5 370
774 5 352
774 5 384
774 6 567
204 2 751
204 2 775
204 3 752
204 1 561
204 1 723
204 1 424
204 1 375
204 1 522
204 0 776
776 5 416
776 5 451
776 5 409
776 5 357
776 5 370
776 5 366
776 5 353
776 5 349
776 5 384
776 6 777
205 2 751
205 2 778
205 3 752
205 1 347
205 1 382
205 1 561
205 1 343
205 1 469
205 0 779
779 5 353
779 5 384
779 5 416
779 5 350
779 5 427
779 5 390
779 5 349
779 5 352
779 5 354
779 5 409
779 6 471
206 2 751
206 2 584
206 3 752
206 1 561
206 1 382
206 1 404
206 1 437
206 1 347
206 0 780
780 5 416
780 5 384
780 5 390
780 5 440
780 5 370
780 5 353
780 5 409
780 5 408
780 5 357
780 5 441
780 6 567
207 2 751
207 2 781
207 3 752
207 1 424
207 1 347
207 1 395
207 1 361
207 1 382
207 0 782
782 5 409
782 5 353
782 5 368
782 5 354
782 5 366
782 5 384
782 5 370
782 5 416
782 5 408
782 6 783
208 2 751
208 2 784
208 3 752
208 1 424
208 1 547
208 1 347
208 1 344
208 1 396
209 2 751
209 2 785
209 3 752
209 1 396
209 1 561
209 1 395
209 1 382
209 1 375
209 0 786
786 5 416
786 5 385
786 5 384
786 5 370
786 5 409
786 5 353
786 5 366
786 5 354
786 6 787
210 2 751
210 2 588
210 3 752
210 1 382
210 1 561
210 1 458
210 1 424
210 1 388
210 0 788
788 5 384
788 5 391
788 5 409
788 5 390
788 5 416
788 5 408
788 5 370
788 5 406
788 5 357
788 6 567
211 2 789
211 2 599
211 3 790
211 1 404
211 1 395
211 1 361
211 1 347
211 1 547
211 0 791
791 5 366
791 5 406
791 5 368
791 5 370
791 5 352
791 6 500
212 2 789
212 2 792
212 3 790
212 1 396
212 1 344
212 1 382
212 1 793
212 0 794
794 5 385
794 5 349
794 5 384
794 5 353
794 5 406
794 5 350
794 5 355
794 6 392
213 2 789
213 2 795
213 3 790
213 1 347
213 1 614
213 1 344
213 1 343
213 1 482
213 0 796
796 5 349
796 5 420
796 5 350
796 5 353
796 5 370
796 5 379
796 5 421
796 5 408
796 5 422
796 5 406
796 6 392
214 2 789
214 2 512
214 3 790
214 1 396
214 1 395
214 1 632
214 1 343
214 1 382
214 0 797
797 5 398
797 5 384
797 5 349
797 5 354
797 5 385
797 5 370
797 5 350
797 5 355
797 6 518
215 2 789
215 2 516
215 3 790
215 1 361
215 1 404
215 1 396
215 1 346
215 1 612
215 0 798
798 5 366
798 5 408
798 5 385
798 5 399
798 5 352
798 5 354
798 5 384
798 5 406
798 5 416
798 5 353
798 6 410
216 2 789
216 2 436
216 3 790
216 1 361
216 1 403
216 1 404
216 1 799
216 0 800
800 5 366
800 5 407
800 5 409
800 5 408
800 5 368
800 5 354
800 5 350
800 5 462
800 5 353
800 5 406
800 6 801
217 2 789
217 2 802
217 3 790
217 1 559
217 1 396
217 1 492
217 1 374
217 1 402
217 0 803
803 5 384
803 5 385
803 5 356
803 5 378
803 5 406
803 5 366
803 5 353
803 5 379
803 5 370
803 5 350
803 6 567
218 2 789
218 2 804
218 3 790
218 1 347
218 1 396
218 1 346
218 1 612
218 1 404
218 0 805
805 5 353
805 5 385
805 5 352
805 5 399
805 5 408
805 5 440
805 5 409
805 5 416
805 5 356
805 5 357
805 6 586
219 2 789
219 2 564
219 3 790
219 1 565
219 1 806
219 1 807
219 0 808
808 5 440
808 5 408
808 5 369
808 5 441
808 5 368
808 5 366
808 5 406
808 5 409
808 5 365
808 5 353
808 6 410
220 2 789
220 2 645
220 3 790
220 1 395
220 1 646
220 1 809
220 0 810
810 5 354
810 5 811
810 5 408
810 5 385
810 5 416
810 5 420
810 6 801
221 2 789
221 2 759
221 3 790
221 1 343
221 1 760
221 1 404
221 1 347
221 1 382
222 2 789
222 2 812
222 3 790
222 1 347
222 1 343
222 1 395
222 1 760
222 1 346
222 0 813
813 5 353
813 5 350
813 5 762
813 5 354
813 5 352
813 5 384
813 5 370
813 5 349
813 5 366
813 5 385
813 6 518
223 2 789
223 2 814
223 3 790
223 1 395
223 1 815
223 1 816
223 0 817
817 5 354
817 5 385
817 5 818
817 5 350
817 5 349
817 5 351
817 5 356
817 5 819
817 5 352
817 5 689
817 6 533
224 2 789
224 2 820
224 3 790
224 1 396
224 1 395
224 1 821
224 1 404
224 1 402
224 0 822
822 5 385
822 5 354
822 5 762
822 5 408
822 5 406
822 5 350
822 5 440
822 5 366
822 5 353
822 5 368
822 6 801
225 2 789
225 2 568
225 3 790
225 1 394
225 1 823
225 1 824
225 0 825
825 5 398
825 5 385
825 5 354
825 5 409
825 5 384
825 5 355
825 5 356
825 5 370
825 5 366
825 5 416
825 6 392
226 2 789
226 2 360
226 3 790
226 1 343
226 1 347
226 1 344
226 1 396
226 1 382
226 0 826
826 5 353
826 5 350
826 5 385
826 5 349
826 5 384
826 5 366
826 5 370
826 5 422
826 5 365
826 5 416
826 6 392
227 2 789
227 2 827
227 3 790
227 1 404
227 1 507
227 1 424
227 0 828
828 5 408
828 5 354
828 5 462
828 5 368
828 5 409
828 5 366
828 5 384
828 6 410
228 2 789
228 2 659
228 3 790
228 1 395
228 1 361
228 1 424
228 1 404
228 1 538
228 0 829
829 5 354
829 5 366
829 5 409
829 5 408
829 5 462
829 5 406
829 5 384
829 5 689
829 6 410
229 2 789
229 2 830
229 3 790
229 1 831
229 1 347
229 1 373
229 1 395
229 1 403
229 0 832
832 5 689
832 5 353
832 5 358
832 6 518
230 2 789
230 2 401
230 3 790
230 1 395
230 1 833
230 1 834
230 0 835
835 5 354
835 5 408
835 5 390
835 5 385
835 5 384
835 5 349
835 5 391
835 5 357
835 5 352
835 6 518
231 2 789
231 2 662
231 3 790
231 1 425
231 1 404
231 1 836
231 1 395
231 1 437
231 0 837
837 5 408
837 5 354
837 5 440
837 5 352
837 5 368
837 5 353
837 5 409
837 5 385
837 5 398
837 5 384
837 6 518
232 2 789
232 2 838
232 3 790
232 1 347
232 1 424
232 1 361
232 1 437
232 1 402
232 0 839
839 5 409
839 5 368
839 5 408
839 5 370
839 5 369
839 5 416
839 5 384
839 5 440
839 5 385
839 6 410
233 2 789
233 2 417
233 3 790
233 1 344
233 1 547
233 1 346
233 1 482
233 1 402
233 0 840
840 5 353
840 5 349
840 5 350
840 5 422
840 5 365
840 5 352
840 5 406
840 5 379
840 5 368
840 6 392
234 2 789
234 2 747
234 3 790
234 1 394
234 1 841
234 1 842
234 0 843
843 5 398
843 5 385
843 5 354
843 5 366
843 5 353
843 5 384
843 5 355
843 5 350
843 6 844
235 2 789
235 2 845
235 3 790
235 1 396
235 1 438
235 1 375
235 1 363
235 1 382
235 0 846
846 5 366
846 5 409
846 5 406
846 5 354
846 5 365
846 5 440
846 6 410
236 2 789
236 2 847
236 3 790
236 1 404
236 1 395
236 1 424
236 0 848
848 5 408
848 5 354
848 5 409
848 5 366
848 5 368
848 6 410
237 2 789
237 2 849
237 3 790
237 1 395
237 1 850
237 1 851
237 0 852
852 5 354
852 5 409
852 5 408
852 5 366
852 5 398
852 5 368
852 5 369
852 5 384
852 5 370
852 6 410
238 2 789
238 2 853
238 3 790
238 1 347
238 1 344
238 1 394
238 1 854
238 1 395
238 0 855
855 5 353
855 5 349
855 5 398
855 5 856
855 5 354
855 5 384
855 5 370
855 5 416
855 5 385
855 5 421
855 6 518
239 2 789
239 2 857
239 3 790
239 1 395
239 1 858
239 1 859
239 0 860
860 5 354
860 5 390
860 5 353
860 5 384
860 5 370
860 5 409
860 5 818
860 5 357
860 6 801
240 2 789
240 2 734
240 3 790
240 1 395
240 1 861
240 1 858
240 0 862
862 5 354
862 5 385
862 5 408
862 5 356
862 5 353
862 5 406
862 5 384
862 5 390
862 5 357
862 5 350
862 6 801
241 2 863
241 2 711
241 3 864
241 1 402
241 1 865
241 1 374
241 1 482
241 1 424
242 2 863
242 2 495
242 3 864
242 1 402
242 1 403
242 1 395
242 1 347
242 1 424
243 2 863
243 2 597
243 3 864
243 1 402
243 1 446
243 1 375
243 1 361
243 1 425
243 0 866
866 5 449
866 5 406
866 5 370
866 5 366
866 5 368
866 5 384
866 5 409
866 5 354
866 5 365
866 5 353
866 6 867
244 2 863
244 2 868
244 3 864
244 1 402
244 1 395
244 1 396
244 1 865
244 1 614
245 2 863
245 2 869
245 3 864
245 1 424
245 1 402
245 1 362
245 1 437
245 1 375
245 0 870
870 5 384
870 5 370
870 5 440
870 5 369
870 5 354
870 5 408
870 5 350
870 6 871
246 2 863
246 2 429
246 3 864
246 1 402
246 1 437
246 1 425
246 1 561
246 1 347
246 0 872
872 5 406
872 5 440
872 5 368
872 5 416
872 5 353
872 5 366
872 5 414
872 5 409
872 5 370
872 6 567
247 2 863
247 2 512
247 3 864
247 1 402
247 1 361
247 1 425
247 1 395
247 1 347
247 0 873
873 5 409
873 5 406
873 5 427
873 5 368
873 5 440
873 5 354
873 5 384
873 5 366
873 6 567
248 2 863
248 2 874
248 3 864
248 1 402
248 1 437
248 1 425
248 1 362
248 1 424
249 2 863
249 2 568
249 3 864
249 1 346
249 1 362
249 1 347
249 1 638
249 1 412
249 0 875
875 5 352
875 5 365
875 5 353
875 5 367
875 5 415
875 5 408
875 5 441
875 5 349
875 5 370
875 6 520
250 2 863
250 2 876
250 3 864
250 1 395
250 1 404
250 1 402
250 1 831
250 1 492
250 0 877
877 5 385
877 5 762
877 5 406
877 5 350
877 5 354
877 5 366
877 5 384
877 6 801
251 2 863
251 2 360
251 3 864
251 1 402
251 1 343
251 1 361
251 1 865
251 1 347
251 0 878
878 5 406
878 5 366
878 5 365
878 5 485
878 5 368
878 5 353
878 5 384
878 5 379
878 5 385
878 6 567
252 2 863
252 2 879
252 3 864
252 1 402
252 1 382
252 1 425
252 1 424
252 1 612
252 0 880
880 5 406
880 5 384
880 5 368
880 5 409
880 5 399
880 5 440
880 5 370
880 5 441
880 5 369
880 5 408
880 6 697
253 2 863
253 2 576
253 3 864
253 1 404
253 1 402
253 1 347
253 1 361
253 1 382
253 0 881
881 5 408
881 5 406
881 5 353
881 5 366
881 5 384
881 5 370
881 5 416
881 5 409
881 5 462
881 5 349
881 6 410
254 2 863
254 2 651
254 3 864
254 1 424
254 1 425
254 1 402
254 1 438
254 1 363
254 0 882
882 5 409
882 5 368
882 5 406
882 5 441
882 5 369
882 5 416
882 6 697
255 2 863
255 2 580
255 3 864
255 1 361
255 1 402
255 1 424
255 1 395
255 1 375
255 0 883
883 5 366
883 5 406
883 5 409
883 5 354
883 5 370
883 5 385
883 5 384
883 5 356
883 6 567
256 2 863
256 2 387
256 3 864
256 1 402
256 1 361
256 1 375
256 1 382
256 1 561
256 0 884
884 5 406
884 5 366
884 5 370
884 5 384
884 5 416
884 5 409
884 5 379
884 6 567
257 2 863
257 2 464
257 3 864
257 1 402
257 1 344
257 1 404
257 1 395
257 1 361
257 0 885
885 5 406
885 5 349
885 5 366
885 5 408
885 5 354
885 5 384
885 5 350
885 5 385
885 5 370
885 5 379
885 6 471
258 2 863
258 2 886
258 3 864
258 1 402
258 1 865
258 1 347
258 1 395
258 1 469
258 0 887
887 5 406
887 5 485
887 5 354
887 5 385
887 5 353
887 5 384
887 5 427
887 5 379
887 5 366
887 5 408
887 6 456
259 2 863
259 2 584
259 3 864
259 1 402
259 1 492
259 1 346
259 1 361
259 1 395
260 2 863
260 2 468
260 3 864
260 1 402
260 1 404
260 1 396
260 1 347
260 1 361
260 0 888
888 5 406
888 5 408
888 5 385
888 5 353
888 5 366
888 5 354
888 5 349
888 5 365
888 5 384
888 5 355
888 6 410
261 2 863
261 2 541
261 3 864
261 1 402
261 1 424
261 1 425
261 1 404
261 1 361
261 1 375
262 2 863
262 2 889
262 3 864
262 1 382
262 1 388
262 1 396
262 1 347
262 1 614
263 2 863
263 2 491
263 3 864
263 1 424
263 1 402
263 1 425
263 1 437
263 1 561
263 0 890
890 5 409
890 5 406
890 5 368
890 5 440
890 5 416
890 5 399
890 5 353
890 5 384
890 6 567
264 2 863
264 2 891
264 3 864
264 1 361
264 1 424
264 1 347
264 1 362
264 1 404
265 2 863
265 2 892
265 3 864
265 1 402
265 1 424
265 1 865
265 1 561
265 1 361
265 0 893
893 5 406
893 5 409
893 5 416
893 5 485
893 5 366
893 5 384
893 5 370
893 5 440
893 6 567
266 2 863
266 2 663
266 3 864
266 1 561
266 1 402
266 1 375
266 1 404
266 1 612
266 0 894
894 5 416
894 5 370
894 5 408
894 5 349
894 5 399
894 5 462
894 5 485
894 5 406
894 5 368
894 5 384
894 6 392
267 2 863
267 2 895
267 3 864
267 1 361
267 1 402
267 1 438
267 1 363
267 1 395
267 0 896
896 5 366
896 5 406
896 5 369
896 5 441
896 5 409
896 5 354
896 5 485
896 5 352
896 5 365
896 5 370
896 6 410
268 2 863
268 2 897
268 3 864
268 1 424
268 1 402
268 1 361
268 1 561
268 1 404
268 0 898
898 5 409
898 5 406
898 5 366
898 5 416
898 5 408
898 5 399
898 5 379
898 6 410
269 2 863
269 2 899
269 3 864
269 1 900
269 0 901
901 5 406
901 5 485
901 5 409
901 5 379
901 5 440
901 6 567
270 2 863
270 2 849
270 3 864
270 1 424
270 1 402
270 1 425
270 1 363
270 1 361
270 0 902
902 5 409
902 5 406
902 5 368
902 5 369
902 5 366
902 5 354
902 5 408
902 5 370
902 5 384
902 6 871
271 2 863
271 2 672
271 3 864
271 1 402
271 1 438
271 1 363
271 1 404
271 1 425
272 2 863
272 2 734
272 3 864
272 1 402
272 1 865
272 1 396
272 1 347
272 1 395
273 2 671
273 2 631
273 3 903
273 1 396
273 1 382
273 1 404
273 1 395
273 1 831
273 0 904
904 5 385
904 5 384
904 5 353
904 5 370
904 5 349
904 5 354
904 6 518
274 2 671
274 2 905
274 3 903
274 1 395
274 1 906
274 1 907
274 1 908
274 0 909
909 5 354
909 5 762
909 5 385
909 5 408
909 5 350
909 5 384
909 5 351
909 5 398
909 5 353
909 5 349
909 6 910
275 2 671
275 2 911
275 3 903
275 1 424
275 1 396
275 1 538
275 1 646
275 1 404
275 0 912
912 5 366
912 5 406
912 5 440
912 5 357
912 5 368
912 5 356
912 5 370
912 5 451
912 5 353
912 6 490
276 2 671
276 2 613
276 3 903
276 1 396
276 1 382
276 0 913
913 5 385
913 5 384
913 5 354
913 5 408
913 5 406
913 5 353
913 5 370
913 5 349
913 5 355
913 6 518
277 2 671
277 2 460
277 3 903
277 1 396
277 1 402
277 1 395
277 1 865
277 1 469
277 0 914
914 5 385
914 5 406
914 5 354
914 5 485
914 5 427
914 5 366
914 5 349
914 5 449
914 5 399
914 6 392
278 2 671
278 2 915
278 3 903
278 1 395
278 1 831
278 1 396
278 1 382
278 0 916
916 6 917
279 2 671
279 2 654
279 3 903
279 1 396
279 1 382
279 1 375
279 1 395
279 0 918
918 5 385
918 5 384
918 5 370
918 5 354
918 5 355
918 6 518
280 2 671
280 2 919
280 3 903
280 1 396
280 1 559
280 1 395
280 1 361
280 1 404
280 0 920
920 5 385
920 5 384
920 5 354
920 5 366
920 5 408
920 5 409
920 5 353
920 5 365
920 5 370
920 5 399
920 6 518
281 2 671
281 2 921
281 3 903
281 1 396
281 1 345
281 1 343
281 1 395
281 1 361
281 0 922
922 5 385
922 5 351
922 5 350
922 5 354
922 5 366
922 5 762
922 5 384
922 5 408
922 6 518
282 2 671
282 2 468
282 3 903
282 1 395
282 1 923
282 1 924
282 0 925
925 5 354
925 5 408
925 5 385
925 5 398
925 5 350
925 5 355
925 5 353
925 5 462
925 5 356
925 5 349
925 6 518
283 2 671
283 2 491
283 3 903
283 1 396
283 1 821
283 1 395
283 1 402
283 1 343
283 0 926
926 5 385
926 5 762
926 5 354
926 5 406
926 5 350
926 5 399
926 5 353
926 5 408
926 5 355
926 5 384
926 6 518
284 2 671
284 2 899
284 3 903
284 1 402
284 1 865
284 1 361
284 1 482
284 1 396
284 0 927
927 5 406
927 5 485
927 5 366
927 5 379
927 5 385
927 6 567
285 2 671
285 2 552
285 3 903
285 1 396
285 1 475
285 1 402
285 1 347
285 1 344
285 0 928
928 5 385
928 5 463
928 5 406
928 5 353
928 5 349
928 5 384
928 5 366
928 5 355
928 5 433
928 5 365
928 6 392
286 2 929
286 2 930
286 3 931
286 1 343
286 1 346
286 1 362
286 1 374
286 1 932
286 0 933
933 5 365
933 5 352
933 5 378
933 5 350
933 5 934
933 5 353
933 5 379
933 5 368
933 5 358
933 5 367
933 6 467
287 2 929
287 2 512
287 3 931
287 1 425
287 1 395
287 1 347
287 1 361
287 1 412
287 0 935
935 5 365
935 5 353
935 5 354
935 5 366
935 5 415
935 5 414
935 5 352
935 5 421
935 6 400
288 2 929
288 2 936
288 3 931
288 1 343
288 1 606
288 1 361
288 1 344
288 1 347
288 0 937
937 5 350
937 5 386
937 5 366
937 5 349
937 5 353
937 5 378
937 5 416
937 5 379
937 5 440
937 5 356
937 6 467
289 2 929
289 2 938
289 3 931
289 1 347
289 1 343
289 1 395
289 1 396
289 1 344
289 0 939
939 5 353
939 5 350
939 5 354
939 5 385
939 5 386
939 5 349
939 5 384
939 6 518
290 2 929
290 2 648
290 3 931
290 1 404
290 1 345
290 1 343
290 1 396
290 1 395
290 0 940
940 5 350
940 5 351
940 5 385
940 5 408
940 5 354
940 5 353
940 5 356
940 5 416
940 5 384
940 5 399
940 6 456
291 2 929
291 2 360
291 3 931
291 1 343
291 1 361
291 1 346
291 1 362
291 1 347
291 0 941
941 5 365
941 5 366
941 5 352
941 5 350
941 5 353
941 5 368
941 5 385
941 5 441
941 5 440
941 6 528
292 2 929
292 2 452
292 3 931
292 1 361
292 1 346
292 1 347
292 1 362
292 1 344
292 0 942
942 5 366
942 5 352
942 5 353
942 5 365
942 5 440
942 5 349
942 5 408
942 5 357
942 5 379
942 6 520
293 2 929
293 2 711
293 3 931
293 1 361
293 1 362
293 1 343
293 1 347
293 1 404
294 2 929
294 2 943
294 3 931
294 1 347
294 1 404
294 1 346
294 1 424
294 1 522
295 2 929
295 2 464
295 3 931
295 1 361
295 1 347
295 1 362
295 1 346
295 1 522
296 2 929
296 2 540
296 3 931
296 1 361
296 1 343
296 1 492
296 1 347
296 1 944
297 2 929
297 2 468
297 3 931
297 1 404
297 1 344
297 1 382
297 1 395
297 1 375
297 0 945
945 5 408
945 5 349
945 5 384
945 5 370
945 5 354
945 5 366
945 5 391
945 5 416
945 5 358
945 5 368
945 6 392
298 2 929
298 2 946
298 3 931
298 1 347
298 1 346
298 1 362
298 1 361
298 1 382
298 0 947
947 5 353
947 5 352
947 5 365
947 5 366
947 5 384
947 5 385
947 5 349
947 5 355
947 5 350
947 6 442
299 2 929
299 2 491
299 3 931
299 1 395
299 1 561
299 1 424
299 1 831
299 1 375
299 0 948
948 5 354
948 5 416
948 5 409
948 5 689
948 5 370
948 5 368
948 5 399
948 5 762
948 6 410
300 2 929
300 2 659
300 3 931
300 1 404
300 1 396
300 1 395
300 1 343
300 1 361
300 0 949
949 5 408
949 5 385
949 5 350
949 5 354
949 5 366
949 5 386
949 5 384
949 5 349
949 5 353
949 5 406
949 6 520
301 2 929
301 2 588
301 3 931
301 1 344
301 1 382
301 1 362
301 1 347
301 1 492
302 2 950
302 2 498
302 3 951
302 1 361
302 1 347
302 1 344
302 1 492
302 1 522
302 0 952
952 5 366
952 5 353
952 5 349
952 5 357
952 5 356
952 5 352
952 5 415
952 5 350
952 5 433
952 5 355
952 6 442
303 2 950
303 2 340
303 3 951
303 1 347
303 1 343
303 1 362
303 1 361
303 1 374
303 0 953
953 5 353
953 5 365
953 5 350
953 5 366
953 5 378
953 5 367
953 5 358
953 6 524
304 2 950
304 2 501
304 3 951
304 1 404
304 1 347
304 1 395
304 1 343
304 1 472
305 2 950
305 2 737
305 3 951
305 1 347
305 1 361
305 1 404
305 1 723
305 1 522
305 0 954
954 5 353
954 5 366
954 5 408
954 5 451
954 5 357
954 5 409
954 5 354
954 5 384
954 5 350
954 5 356
954 6 471
306 2 950
306 2 503
306 3 951
306 1 361
306 1 347
306 1 374
306 1 492
306 1 346
306 0 955
955 5 366
955 5 378
955 5 353
955 5 365
955 5 352
955 5 379
955 6 380
307 2 950
307 2 600
307 3 951
307 1 361
307 1 362
307 1 343
307 1 347
307 1 346
307 0 956
956 5 350
956 5 365
956 5 352
956 5 353
956 5 366
956 5 441
956 5 386
956 5 384
956 5 440
956 5 370
956 6 533
308 2 950
308 2 429
308 3 951
308 1 361
308 1 374
308 1 346
308 1 344
308 1 347
308 0 957
957 5 366
957 5 352
957 5 378
957 5 349
957 5 353
957 5 440
957 5 365
957 5 379
957 5 354
957 5 385
957 6 533
309 2 950
309 2 634
309 3 951
309 1 404
309 1 346
309 1 362
309 1 344
309 1 347
309 0 958
958 5 408
958 5 352
958 5 365
958 5 349
958 5 353
958 5 399
958 5 350
958 5 385
958 5 366
958 5 409
958 6 533
310 2 950
310 2 728
310 3 951
310 1 346
310 1 362
310 1 375
310 1 412
310 1 347
311 2 950
311 2 757
311 3 951
311 1 344
311 1 343
311 1 395
311 1 382
311 1 347
311 0 959
959 5 349
959 5 350
959 5 354
959 5 384
959 5 353
959 5 385
959 5 416
959 5 406
959 5 409
959 5 379
959 6 371
312 2 950
312 2 479
312 3 951
312 1 343
312 1 347
312 1 606
312 1 346
312 1 522
313 2 950
313 2 641
313 3 951
313 1 706
313 1 395
313 1 606
313 1 343
313 1 347
313 0 960
960 5 628
960 5 386
960 5 354
960 5 350
960 5 353
960 5 378
960 5 415
960 5 349
960 5 451
960 5 379
960 6 371
314 2 950
314 2 445
314 3 951
314 1 347
314 1 362
314 1 346
314 1 375
314 1 437
314 0 961
961 5 353
961 5 365
961 5 352
961 5 366
961 5 440
961 5 370
961 5 384
961 5 368
961 5 449
961 5 357
961 6 528
315 2 950
315 2 962
315 3 951
315 1 437
315 1 347
315 1 361
315 1 344
315 1 362
315 0 963
963 5 440
963 5 353
963 5 366
963 5 349
963 5 365
963 5 368
963 5 378
963 5 441
963 6 528
316 2 950
316 2 964
316 3 951
316 1 346
316 1 347
316 1 965
316 1 361
316 1 363
316 0 966
966 5 352
966 5 353
966 5 365
966 5 366
966 5 369
966 5 433
966 5 408
966 5 441
966 5 368
966 5 354
966 6 690
317 2 950
317 2 360
317 3 951
317 1 343
317 1 346
317 1 361
317 1 431
317 1 347
317 0 967
967 5 365
967 5 352
967 5 366
967 5 368
967 5 433
967 5 353
967 5 440
967 6 442
318 2 950
318 2 452
318 3 951
318 1 361
318 1 347
318 1 346
318 1 374
318 1 362
318 0 968
968 5 366
968 5 352
968 5 365
968 5 353
968 5 440
968 5 441
968 5 378
968 5 369
968 5 408
968 5 384
968 6 969
319 2 950
319 2 970
319 3 951
319 1 437
319 1 346
319 1 347
319 1 382
319 1 412
319 0 971
971 5 440
971 5 352
971 5 353
971 5 384
971 5 365
971 5 415
971 5 370
971 5 366
971 5 409
971 5 354
971 6 456
320 2 950
320 2 372
320 3 951
320 1 344
320 1 361
320 1 347
320 1 472
320 1 362
320 0 972
972 5 366
972 5 378
972 5 353
972 5 365
972 5 352
972 5 379
972 6 380
321 2 950
321 2 457
321 3 951
321 1 346
321 1 437
321 1 347
321 1 412
321 1 374
321 0 973
973 5 352
973 5 353
973 5 440
973 5 415
973 5 406
973 5 378
973 5 370
973 5 384
973 5 365
973 6 442
322 2 950
322 2 613
322 3 951
322 1 346
322 1 347
322 1 362
322 1 361
322 1 412
322 0 974
974 5 352
974 5 353
974 5 365
974 5 366
974 5 415
974 5 357
974 5 440
974 5 451
974 6 520
323 2 950
323 2 460
323 3 951
323 1 361
323 1 347
323 1 346
323 1 382
323 1 375
323 0 975
975 5 366
975 5 353
975 5 352
975 5 384
975 5 370
975 5 391
975 5 349
975 5 350
975 5 385
975 5 354
975 6 520
324 2 950
324 2 534
324 3 951
324 1 361
324 1 347
324 1 343
324 1 346
324 1 344
324 0 976
976 5 366
976 5 353
976 5 365
976 5 352
976 5 349
976 5 358
976 5 355
976 5 350
976 5 440
976 5 368
976 6 442
325 2 950
325 2 977
325 3 951
325 1 347
325 1 362
325 1 375
325 1 346
325 1 425
325 0 978
978 5 353
978 5 365
978 5 370
978 5 352
978 5 368
978 5 708
978 5 355
978 5 366
978 5 384
978 5 349
978 6 528
326 2 950
326 2 619
326 3 951
326 1 343
326 1 362
326 1 347
326 1 346
326 1 412
326 0 979
979 5 353
979 5 350
979 5 349
979 5 416
979 5 384
979 5 352
979 5 357
979 5 409
979 5 399
979 5 433
979 6 969
327 2 950
327 2 943
327 3 951
327 1 347
327 1 395
327 1 908
327 1 403
327 1 404
327 1 361
327 1 438
327 1 344
327 1 424
327 0 980
980 5 353
980 5 354
980 5 421
980 5 407
980 5 408
980 5 366
980 5 349
980 5 441
980 5 406
980 6 981
328 2 950
328 2 982
328 3 951
328 1 706
328 1 396
328 1 343
328 1 606
328 1 395
328 0 983
983 5 628
983 5 385
983 5 350
983 5 349
983 5 386
983 5 354
983 5 353
983 5 370
983 5 384
983 5 355
983 6 467
329 2 950
329 2 543
329 3 951
329 1 346
329 1 984
329 1 347
329 1 343
329 0 985
985 5 385
985 5 416
985 5 354
985 5 353
985 5 384
985 5 408
985 5 350
985 5 352
985 5 370
985 5 365
985 6 533
330 2 950
330 2 491
330 3 951
330 1 404
330 1 425
330 1 424
330 1 561
330 1 395
330 0 986
986 5 408
986 5 368
986 5 409
986 5 416
986 5 354
986 5 462
986 5 353
986 5 399
986 5 370
986 5 440
986 6 410
331 2 950
331 2 658
331 3 951
331 1 347
331 1 361
331 1 437
331 1 425
331 1 908
331 0 987
987 5 366
987 5 352
987 5 409
987 5 365
987 5 440
987 5 408
987 5 462
987 5 384
987 5 354
987 5 367
987 6 410
332 2 950
332 2 988
332 3 951
332 1 361
332 1 347
332 1 374
332 1 402
332 1 395
332 0 989
989 5 350
989 5 378
989 5 352
989 5 856
989 5 353
989 5 349
989 5 385
989 5 379
989 5 366
989 5 415
989 6 380
333 2 950
333 2 990
333 3 951
333 1 346
333 1 343
333 1 412
333 1 361
333 1 347
333 0 991
991 5 366
991 5 385
991 5 415
991 5 357
991 5 352
991 5 353
991 5 358
991 5 408
991 5 368
991 5 365
991 6 442
334 2 950
334 2 663
334 3 951
334 1 382
334 1 561
334 1 472
334 1 614
334 1 424
335 2 950
335 2 748
335 3 951
335 1 396
335 1 395
335 1 706
335 1 343
335 1 404
335 0 992
992 5 385
992 5 354
992 5 628
992 5 350
992 5 408
992 5 353
992 5 351
992 5 384
992 6 371
336 2 950
336 2 671
336 3 951
336 1 396
336 1 347
337 2 950
337 2 588
337 3 951
337 1 424
337 1 382
337 1 404
337 1 395
337 1 347
337 0 993
993 5 366
993 5 368
993 5 354
993 5 352
993 5 408
993 5 440
993 5 441
993 6 994
338 2 950
338 2 995
338 3 951
338 1 347
338 1 438
338 1 344
338 1 363
338 1 346
338 0 996
996 5 353
996 5 349
996 5 441
996 5 369
996 5 352
996 5 407
996 5 409
996 5 357
996 5 370
996 5 354
996 6 400
339 2 950
339 2 853
339 3 951
339 1 343
339 1 706
339 1 347
339 1 854
339 1 472
339 0 997
997 5 350
997 5 353
997 5 628
997 5 856
997 5 414
997 5 354
997 5 349
997 5 355
997 5 385
997 5 358
997 6 467
0 4 1
1 4 0
0 4 3
3 4 0
0 4 4
4 4 0
0 4 7
7 4 0
0 4 8
8 4 0
1 4 5
5 4 1
1 4 8
8 4 1
2 4 3
3 4 2
2 4 9
9 4 2
3 4 4
4 4 3
3 4 7
7 4 3
3 4 8
8 4 3
4 4 7
7 4 4
4 4 8
8 4 4
5 4 6
6 4 5
7 4 8
8 4 7
10 4 11
11 4 10
10 4 12
12 4 10
10 4 14
14 4 10
10 4 15
15 4 10
10 4 17
17 4 10
10 4 18
18 4 10
10 4 21
21 4 10
11 4 12
12 4 11
11 4 14
14 4 11
11 4 17
17 4 11
11 4 18
18 4 11
11 4 20
20 4 11
12 4 14
14 4 12
12 4 17
17 4 12
12 4 18
18 4 12
12 4 20
20 4 12
13 4 15
15 4 13
13 4 20
20 4 13
13 4 21
21 4 13
14 4 15
15 4 14
14 4 17
17 4 14
14 4 18
18 4 14
14 4 20
20 4 14
14 4 21
21 4 14
15 4 17
17 4 15
15 4 18
18 4 15
15 4 20
20 4 15
15 4 21
21 4 15
17 4 18
18 4 17
17 4 19
19 4 17
17 4 21
21 4 17
18 4 20
20 4 18
18 4 21
21 4 18
22 4 24
24 4 22
23 4 24
24 4 23
23 4 25
25 4 23
23 4 26
26 4 23
24 4 25
25 4 24
24 4 26
26 4 24
27 4 30
30 4 27
27 4 35
35 4 27
27 4 36
36 4 27
27 4 44
44 4 27
27 4 45
45 4 27
27 4 49
49 4 27
28 4 29
29 4 28
28 4 30
30 4 28
28 4 33
33 4 28
28 4 36
36 4 28
28 4 37
37 4 28
28 4 38
38 4 28
28 4 39
39 4 28
28 4 40
40 4 28
28 4 42
42 4 28
28 4 43
43 4 28
28 4 46
46 4 28
28 4 47
47 4 28
28 4 50
50 4 28
28 4 51
51 4 28
29 4 30
30 4 29
29 4 35
35 4 29
29 4 36
36 4 29
29 4 37
37 4 29
29 4 38
38 4 29
29 4 39
39 4 29
29 4 40
40 4 29
29 4 43
43 4 29
29 4 45
45 4 29
29 4 46
46 4 29
29 4 47
47 4 29
29 4 51
51 4 29
30 4 35
35 4 30
30 4 36
36 4 30
30 4 40
40 4 30
30 4 44
44 4 30
30 4 45
45 4 30
30 4 50
50 4 30
33 4 35
35 4 33
33 4 36
36 4 33
33 4 37
37 4 33
33 4 38
38 4 33
33 4 39
39 4 33
33 4 40
40 4 33
33 4 42
42 4 33
33 4 43
43 4 33
33 4 46
46 4 33
33 4 47
47 4 33
33 4 50
50 4 33
33 4 51
51 4 33
35 4 36
36 4 35
35 4 37
37 4 35
35 4 38
38 4 35
35 4 39
39 4 35
35 4 40
40 4 35
35 4 42
42 4 35
35 4 43
43 4 35
35 4 44
44 4 35
35 4 45
45 4 35
35 4 46
46 4 35
35 4 47
47 4 35
35 4 49
49 4 35
35 4 51
51 4 35
36 4 37
37 4 36
36 4 38
38 4 36
36 4 39
39 4 36
36 4 40
40 4 36
36 4 42
42 4 36
36 4 43
43 4 36
36 4 45
45 4 36
36 4 46
46 4 36
36 4 47
47 4 36
36 4 50
50 4 36
36 4 51
51 4 36
37 4 38
38 4 37
37 4 39
39 4 37
37 4 40
40 4 37
37 4 42
42 4 37
37 4 43
43 4 37
37 4 45
45 4 37
37 4 46
46 4 37
37 4 47
47 4 37
37 4 50
50 4 37
37 4 51
51 4 37
38 4 39
39 4 38
38 4 40
40 4 38
38 4 42
42 4 38
38 4 43
43 4 38
38 4 45
45 4 38
38 4 46
46 4 38
38 4 47
47 4 38
38 4 50
50 4 38
38 4 51
51 4 38
39 4 40
40 4 39
39 4 42
42 4 39
39 4 43
43 4 39
39 4 45
45 4 39
39 4 46
46 4 39
39 4 47
47 4 39
39 4 50
50 4 39
39 4 51
51 4 39
40 4 43
43 4 40
40 4 45
45 4 40
40 4 46
46 4 40
40 4 47
47 4 40
40 4 51
51 4 40
42 4 43
43 4 42
42 4 46
46 4 42
42 4 47
47 4 42
42 4 50
50 4 42
42 4 51
51 4 42
43 4 45
45 4 43
43 4 46
46 4 43
43 4 47
47 4 43
43 4 50
50 4 43
43 4 51
51 4 43
44 4 49
49 4 44
45 4 46
46 4 45
45 4 47
47 4 45
45 4 51
51 4 45
46 4 47
47 4 46
46 4 51
51 4 46
47 4 50
50 4 47
47 4 51
51 4 47
50 4 51
51 4 50
52 4 53
53 4 52
52 4 54
54 4 52
52 4 55
55 4 52
52 4 59
59 4 52
52 4 60
60 4 52
52 4 62
62 4 52
52 4 64
64 4 52
52 4 67
67 4 52
53 4 54
54 4 53
53 4 55
55 4 53
53 4 57
57 4 53
53 4 58
58 4 53
53 4 63
63 4 53
53 4 64
64 4 53
53 4 65
65 4 53
53 4 66
66 4 53
53 4 67
67 4 53
53 4 69
69 4 53
54 4 55
55 4 54
54 4 57
57 4 54
54 4 58
58 4 54
54 4 59
59 4 54
54 4 60
60 4 54
54 4 62
62 4 54
54 4 63
63 4 54
54 4 64
64 4 54
54 4 65
65 4 54
54 4 66
66 4 54
54 4 67
67 4 54
54 4 70
70 4 54
55 4 59
59 4 55
55 4 60
60 4 55
55 4 62
62 4 55
55 4 64
64 4 55
55 4 66
66 4 55
55 4 67
67 4 55
55 4 69
69 4 55
56 4 62
62 4 56
57 4 59
59 4 57
57 4 61
61 4 57
57 4 62
62 4 57
57 4 63
63 4 57
57 4 64
64 4 57
57 4 65
65 4 57
57 4 66
66 4 57
57 4 67
67 4 57
57 4 70
70 4 57
58 4 66
66 4 58
58 4 69
69 4 58
59 4 60
60 4 59
59 4 61
61 4 59
59 4 62
62 4 59
59 4 63
63 4 59
59 4 64
64 4 59
59 4 65
65 4 59
59 4 66
66 4 59
59 4 67
67 4 59
59 4 70
70 4 59
60 4 62
62 4 60
60 4 63
63 4 60
60 4 64
64 4 60
60 4 67
67 4 60
61 4 62
62 4 61
61 4 63
63 4 61
61 4 64
64 4 61
61 4 65
65 4 61
61 4 66
66 4 61
61 4 67
67 4 61
61 4 70
70 4 61
62 4 63
63 4 62
62 4 64
64 4 62
62 4 65
65 4 62
62 4 66
66 4 62
62 4 67
67 4 62
62 4 70
70 4 62
63 4 64
64 4 63
63 4 65
65 4 63
63 4 66
66 4 63
63 4 67
67 4 63
63 4 70
70 4 63
64 4 65
65 4 64
64 4 66
66 4 64
64 4 67
67 4 64
64 4 70
70 4 64
65 4 66
66 4 65
65 4 67
67 4 65
65 4 69
69 4 65
65 4 70
70 4 65
66 4 67
67 4 66
66 4 69
69 4 66
66 4 70
70 4 66
67 4 69
69 4 67
67 4 70
70 4 67
71 4 83
83 4 71
71 4 87
87 4 71
72 4 74
74 4 72
72 4 76
76 4 72
72 4 77
77 4 72
72 4 78
78 4 72
72 4 79
79 4 72
72 4 80
80 4 72
72 4 81
81 4 72
72 4 82
82 4 72
72 4 84
84 4 72
72 4 86
86 4 72
72 4 88
88 4 72
72 4 90
90 4 72
72 4 93
93 4 72
72 4 94
94 4 72
72 4 95
95 4 72
72 4 96
96 4 72
73 4 77
77 4 73
73 4 78
78 4 73
73 4 79
79 4 73
73 4 82
82 4 73
73 4 87
87 4 73
73 4 89
89 4 73
73 4 91
91 4 73
73 4 92
92 4 73
73 4 93
93 4 73
73 4 96
96 4 73
74 4 76
76 4 74
74 4 77
77 4 74
74 4 80
80 4 74
74 4 81
81 4 74
74 4 82
82 4 74
74 4 84
84 4 74
74 4 86
86 4 74
74 4 88
88 4 74
74 4 90
90 4 74
74 4 93
93 4 74
74 4 94
94 4 74
74 4 96
96 4 74
75 4 77
77 4 75
75 4 81
81 4 75
75 4 82
82 4 75
75 4 90
90 4 75
75 4 96
96 4 75
76 4 77
77 4 76
76 4 78
78 4 76
76 4 79
79 4 76
76 4 80
80 4 76
76 4 81
81 4 76
76 4 82
82 4 76
76 4 83
83 4 76
76 4 85
85 4 76
76 4 86
86 4 76
76 4 88
88 4 76
76 4 90
90 4 76
76 4 92
92 4 76
76 4 94
94 4 76
76 4 96
96 4 76
77 4 78
78 4 77
77 4 79
79 4 77
77 4 80
80 4 77
77 4 81
81 4 77
77 4 82
82 4 77
77 4 83
83 4 77
77 4 84
84 4 77
77 4 86
86 4 77
77 4 88
88 4 77
77 4 90
90 4 77
77 4 92
92 4 77
77 4 93
93 4 77
77 4 94
94 4 77
77 4 95
95 4 77
77 4 96
96 4 77
78 4 79
79 4 78
78 4 80
80 4 78
78 4 81
81 4 78
78 4 82
82 4 78
78 4 84
84 4 78
78 4 88
88 4 78
78 4 91
91 4 78
78 4 92
92 4 78
78 4 93
93 4 78
78 4 94
94 4 78
78 4 96
96 4 78
79 4 80
80 4 79
79 4 81
81 4 79
79 4 91
91 4 79
79 4 92
92 4 79
79 4 96
96 4 79
80 4 81
81 4 80
80 4 82
82 4 80
80 4 84
84 4 80
80 4 86
86 4 80
80 4 88
88 4 80
80 4 90
90 4 80
80 4 91
91 4 80
80 4 93
93 4 80
80 4 94
94 4 80
80 4 95
95 4 80
80 4 96
96 4 80
81 4 82
82 4 81
81 4 83
83 4 81
81 4 84
84 4 81
81 4 86
86 4 81
81 4 88
88 4 81
81 4 90
90 4 81
81 4 92
92 4 81
81 4 94
94 4 81
81 4 96
96 4 81
82 4 83
83 4 82
82 4 84
84 4 82
82 4 85
85 4 82
82 4 86
86 4 82
82 4 87
87 4 82
82 4 88
88 4 82
82 4 89
89 4 82
82 4 90
90 4 82
82 4 92
92 4 82
82 4 93
93 4 82
82 4 94
94 4 82
82 4 96
96 4 82
83 4 90
90 4 83
83 4 96
96 4 83
84 4 86
86 4 84
84 4 88
88 4 84
84 4 90
90 4 84
84 4 93
93 4 84
84 4 94
94 4 84
84 4 96
96 4 84
85 4 90
90 4 85
86 4 88
88 4 86
86 4 90
90 4 86
86 4 93
93 4 86
86 4 94
94 4 86
86 4 96
96 4 86
87 4 89
89 4 87
87 4 92
92 4 87
88 4 90
90 4 88
88 4 94
94 4 88
88 4 95
95 4 88
88 4 96
96 4 88
89 4 92
92 4 89
90 4 93
93 4 90
90 4 94
94 4 90
90 4 96
96 4 90
91 4 92
92 4 91
91 4 93
93 4 91
93 4 94
94 4 93
93 4 96
96 4 93
94 4 96
96 4 94
97 4 101
101 4 97
97 4 117
117 4 97
97 4 125
125 4 97
97 4 126
126 4 97
97 4 132
132 4 97
98 4 101
101 4 98
98 4 102
102 4 98
98 4 103
103 4 98
98 4 104
104 4 98
98 4 108
108 4 98
98 4 109
109 4 98
98 4 110
110 4 98
98 4 111
111 4 98
98 4 112
112 4 98
98 4 113
113 4 98
98 4 115
115 4 98
98 4 116
116 4 98
98 4 118
118 4 98
98 4 122
122 4 98
98 4 123
123 4 98
98 4 124
124 4 98
98 4 125
125 4 98
98 4 126
126 4 98
98 4 127
127 4 98
98 4 129
129 4 98
98 4 130
130 4 98
98 4 133
133 4 98
98 4 134
134 4 98
98 4 135
135 4 98
98 4 136
136 4 98
98 4 137
137 4 98
98 4 138
138 4 98
98 4 139
139 4 98
99 4 100
100 4 99
99 4 105
105 4 99
99 4 107
107 4 99
99 4 108
108 4 99
99 4 109
109 4 99
99 4 110
110 4 99
99 4 111
111 4 99
99 4 114
114 4 99
99 4 116
116 4 99
99 4 120
120 4 99
99 4 122
122 4 99
99 4 125
125 4 99
99 4 126
126 4 99
99 4 129
129 4 99
99 4 133
133 4 99
99 4 135
135 4 99
99 4 139
139 4 99
100 4 102
102 4 100
100 4 103
103 4 100
100 4 105
105 4 100
100 4 107
107 4 100
100 4 108
108 4 100
100 4 109
109 4 100
100 4 110
110 4 100
100 4 111
111 4 100
100 4 114
114 4 100
100 4 115
115 4 100
100 4 116
116 4 100
100 4 122
122 4 100
100 4 123
123 4 100
100 4 125
125 4 100
100 4 126
126 4 100
100 4 127
127 4 100
100 4 128
128 4 100
100 4 129
129 4 100
100 4 131
131 4 100
100 4 133
133 4 100
100 4 138
138 4 100
100 4 139
139 4 100
101 4 102
102 4 101
101 4 108
108 4 101
101 4 112
112 4 101
101 4 114
114 4 101
101 4 115
115 4 101
101 4 116
116 4 101
101 4 117
117 4 101
101 4 123
123 4 101
101 4 124
124 4 101
101 4 125
125 4 101
101 4 126
126 4 101
101 4 130
130 4 101
101 4 134
134 4 101
101 4 136
136 4 101
101 4 137
137 4 101
101 4 139
139 4 101
102 4 103
103 4 102
102 4 104
104 4 102
102 4 108
108 4 102
102 4 109
109 4 102
102 4 110
110 4 102
102 4 112
112 4 102
102 4 113
113 4 102
102 4 114
114 4 102
102 4 115
115 4 102
102 4 116
116 4 102
102 4 117
117 4 102
102 4 118
118 4 102
102 4 119
119 4 102
102 4 123
123 4 102
102 4 124
124 4 102
102 4 125
125 4 102
102 4 126
126 4 102
102 4 127
127 4 102
102 4 128
128 4 102
102 4 129
129 4 102
102 4 130
130 4 102
102 4 131
131 4 102
102 4 133
133 4 102
102 4 134
134 4 102
102 4 135
135 4 102
102 4 136
136 4 102
102 4 137
137 4 102
102 4 138
138 4 102
102 4 139
139 4 102
103 4 104
104 4 103
103 4 105
105 4 103
103 4 108
108 4 103
103 4 109
109 4 103
103 4 110
110 4 103
103 4 112
112 4 103
103 4 113
113 4 103
103 4 114
114 4 103
103 4 115
115 4 103
103 4 116
116 4 103
103 4 123
123 4 103
103 4 124
124 4 103
103 4 125
125 4 103
103 4 126
126 4 103
103 4 127
127 4 103
103 4 129
129 4 103
103 4 130
130 4 103
103 4 133
133 4 103
103 4 134
134 4 103
103 4 136
136 4 103
103 4 137
137 4 103
103 4 138
138 4 103
103 4 139
139 4 103
104 4 108
108 4 104
104 4 109
109 4 104
104 4 110
110 4 104
104 4 112
112 4 104
104 4 113
113 4 104
104 4 114
114 4 104
104 4 115
115 4 104
104 4 116
116 4 104
104 4 118
118 4 104
104 4 123
123 4 104
104 4 124
124 4 104
104 4 125
125 4 104
104 4 126
126 4 104
104 4 127
127 4 104
104 4 129
129 4 104
104 4 130
130 4 104
104 4 131
131 4 104
104 4 133
133 4 104
104 4 134
134 4 104
104 4 136
136 4 104
104 4 137
137 4 104
104 4 138
138 4 104
104 4 139
139 4 104
105 4 107
107 4 105
105 4 108
108 4 105
105 4 109
109 4 105
105 4 110
110 4 105
105 4 111
111 4 105
105 4 114
114 4 105
105 4 115
115 4 105
105 4 116
116 4 105
105 4 122
122 4 105
105 4 125
125 4 105
105 4 126
126 4 105
105 4 127
127 4 105
105 4 129
129 4 105
105 4 133
133 4 105
105 4 138
138 4 105
105 4 139
139 4 105
107 4 109
109 4 107
107 4 110
110 4 107
107 4 114
114 4 107
107 4 116
116 4 107
108 4 109
109 4 108
108 4 110
110 4 108
108 4 111
111 4 108
108 4 112
112 4 108
108 4 113
113 4 108
108 4 114
114 4 108
108 4 115
115 4 108
108 4 116
116 4 108
108 4 122
122 4 108
108 4 123
123 4 108
108 4 124
124 4 108
108 4 125
125 4 108
108 4 126
126 4 108
108 4 127
127 4 108
108 4 129
129 4 108
108 4 130
130 4 108
108 4 133
133 4 108
108 4 134
134 4 108
108 4 135
135 4 108
108 4 136
136 4 108
108 4 137
137 4 108
108 4 138
138 4 108
108 4 139
139 4 108
109 4 110
110 4 109
109 4 111
111 4 109
109 4 112
112 4 109
109 4 113
113 4 109
109 4 114
114 4 109
109 4 115
115 4 109
109 4 116
116 4 109
109 4 122
122 4 109
109 4 123
123 4 109
109 4 124
124 4 109
109 4 125
125 4 109
109 4 126
126 4 109
109 4 127
127 4 109
109 4 129
129 4 109
109 4 130
130 4 109
109 4 133
133 4 109
109 4 134
134 4 109
109 4 135
135 4 109
109 4 136
136 4 109
109 4 137
137 4 109
109 4 138
138 4 109
109 4 139
139 4 109
110 4 111
111 4 110
110 4 112
112 4 110
110 4 113
113 4 110
110 4 114
114 4 110
110 4 115
115 4 110
110 4 116
116 4 110
110 4 118
118 4 110
110 4 122
122 4 110
110 4 123
123 4 110
110 4 124
124 4 110
110 4 125
125 4 110
110 4 126
126 4 110
110 4 127
127 4 110
110 4 128
128 4 110
110 4 129
129 4 110
110 4 130
130 4 110
110 4 131
131 4 110
110 4 133
133 4 110
110 4 134
134 4 110
110 4 135
135 4 110
110 4 136
136 4 110
110 4 137
137 4 110
110 4 138
138 4 110
110 4 139
139 4 110
111 4 114
114 4 111
111 4 116
116 4 111
111 4 120
120 4 111
111 4 122
122 4 111
111 4 125
125 4 111
111 4 126
126 4 111
111 4 127
127 4 111
111 4 128
128 4 111
111 4 129
129 4 111
111 4 130
130 4 111
111 4 131
131 4 111
111 4 133
133 4 111
111 4 135
135 4 111
111 4 138
138 4 111
111 4 139
139 4 111
112 4 113
113 4 112
112 4 114
114 4 112
112 4 115
115 4 112
112 4 116
116 4 112
112 4 117
117 4 112
112 4 118
118 4 112
112 4 119
119 4 112
112 4 123
123 4 112
112 4 124
124 4 112
112 4 125
125 4 112
112 4 126
126 4 112
112 4 127
127 4 112
112 4 129
129 4 112
112 4 130
130 4 112
112 4 131
131 4 112
112 4 133
133 4 112
112 4 134
134 4 112
112 4 135
135 4 112
112 4 136
136 4 112
112 4 137
137 4 112
112 4 138
138 4 112
112 4 139
139 4 112
113 4 115
115 4 113
113 4 116
116 4 113
113 4 123
123 4 113
113 4 124
124 4 113
113 4 125
125 4 113
113 4 126
126 4 113
113 4 127
127 4 113
113 4 129
129 4 113
113 4 130
130 4 113
113 4 133
133 4 113
113 4 134
134 4 113
113 4 136
136 4 113
113 4 137
137 4 113
113 4 138
138 4 113
113 4 139
139 4 113
114 4 115
115 4 114
114 4 116
116 4 114
114 4 117
117 4 114
114 4 121
121 4 114
114 4 122
122 4 114
114 4 124
124 4 114
114 4 125
125 4 114
114 4 126
126 4 114
114 4 127
127 4 114
114 4 129
129 4 114
114 4 130
130 4 114
114 4 131
131 4 114
114 4 132
132 4 114
114 4 133
133 4 114
114 4 134
134 4 114
114 4 136
136 4 114
114 4 137
137 4 114
114 4 138
138 4 114
114 4 139
139 4 114
115 4 116
116 4 115
115 4 117
117 4 115
115 4 118
118 4 115
115 4 119
119 4 115
115 4 121
121 4 115
115 4 123
123 4 115
115 4 124
124 4 115
115 4 125
125 4 115
115 4 126
126 4 115
115 4 127
127 4 115
115 4 129
129 4 115
115 4 130
130 4 115
115 4 131
131 4 115
115 4 133
133 4 115
115 4 134
134 4 115
115 4 135
135 4 115
115 4 136
136 4 115
115 4 137
137 4 115
115 4 138
138 4 115
115 4 139
139 4 115
116 4 118
118 4 116
116 4 122
122 4 116
116 4 123
123 4 116
116 4 124
124 4 116
116 4 125
125 4 116
116 4 126
126 4 116
116 4 127
127 4 116
116 4 129
129 4 116
116 4 130
130 4 116
116 4 133
133 4 116
116 4 134
134 4 116
116 4 135
135 4 116
116 4 136
136 4 116
116 4 137
137 4 116
116 4 138
138 4 116
116 4 139
139 4 116
117 4 118
118 4 117
117 4 119
119 4 117
117 4 121
121 4 117
117 4 130
130 4 117
117 4 131
131 4 117
117 4 132
132 4 117
117 4 134
134 4 117
117 4 136
136 4 117
118 4 119
119 4 118
118 4 120
120 4 118
118 4 121
121 4 118
118 4 123
123 4 118
118 4 125
125 4 118
118 4 126
126 4 118
118 4 127
127 4 118
118 4 129
129 4 118
118 4 130
130 4 118
118 4 131
131 4 118
118 4 133
133 4 118
118 4 134
134 4 118
118 4 135
135 4 118
118 4 136
136 4 118
118 4 139
139 4 118
119 4 121
121 4 119
119 4 127
127 4 119
119 4 130
130 4 119
119 4 131
131 4 119
119 4 132
132 4 119
119 4 134
134 4 119
120 4 122
122 4 120
120 4 130
130 4 120
120 4 131
131 4 120
120 4 133
133 4 120
120 4 135
135 4 120
121 4 127
127 4 121
121 4 129
129 4 121
121 4 131
131 4 121
121 4 132
132 4 121
121 4 133
133 4 121
122 4 125
125 4 122
122 4 126
126 4 122
122 4 127
127 4 122
122 4 128
128 4 122
122 4 129
129 4 122
122 4 130
130 4 122
122 4 131
131 4 122
122 4 133
133 4 122
122 4 135
135 4 122
122 4 138
138 4 122
122 4 139
139 4 122
123 4 124
124 4 123
123 4 125
125 4 123
123 4 126
126 4 123
123 4 127
127 4 123
123 4 128
128 4 123
123 4 129
129 4 123
123 4 130
130 4 123
123 4 133
133 4 123
123 4 134
134 4 123
123 4 135
135 4 123
123 4 136
136 4 123
123 4 137
137 4 123
123 4 138
138 4 123
123 4 139
139 4 123
124 4 125
125 4 124
124 4 126
126 4 124
124 4 127
127 4 124
124 4 129
129 4 124
124 4 130
130 4 124
124 4 131
131 4 124
124 4 133
133 4 124
124 4 134
134 4 124
124 4 136
136 4 124
124 4 137
137 4 124
124 4 138
138 4 124
124 4 139
139 4 124
125 4 126
126 4 125
125 4 127
127 4 125
125 4 128
128 4 125
125 4 129
129 4 125
125 4 130
130 4 125
125 4 131
131 4 125
125 4 132
132 4 125
125 4 133
133 4 125
125 4 134
134 4 125
125 4 135
135 4 125
125 4 136
136 4 125
125 4 137
137 4 125
125 4 138
138 4 125
125 4 139
139 4 125
126 4 127
127 4 126
126 4 128
128 4 126
126 4 129
129 4 126
126 4 130
130 4 126
126 4 131
131 4 126
126 4 133
133 4 126
126 4 134
134 4 126
126 4 135
135 4 126
126 4 136
136 4 126
126 4 137
137 4 126
126 4 138
138 4 126
126 4 139
139 4 126
127 4 129
129 4 127
127 4 130
130 4 127
127 4 131
131 4 127
127 4 133
133 4 127
127 4 134
134 4 127
127 4 136
136 4 127
127 4 137
137 4 127
127 4 138
138 4 127
127 4 139
139 4 127
128 4 129
129 4 128
128 4 131
131 4 128
128 4 133
133 4 128
128 4 139
139 4 128
129 4 130
130 4 129
129 4 131
131 4 129
129 4 133
133 4 129
129 4 134
134 4 129
129 4 135
135 4 129
129 4 136
136 4 129
129 4 137
137 4 129
129 4 138
138 4 129
129 4 139
139 4 129
130 4 131
131 4 130
130 4 133
133 4 130
130 4 134
134 4 130
130 4 135
135 4 130
130 4 136
136 4 130
130 4 137
137 4 130
130 4 138
138 4 130
130 4 139
139 4 130
131 4 133
133 4 131
131 4 134
134 4 131
131 4 139
139 4 131
133 4 134
134 4 133
133 4 135
135 4 133
133 4 136
136 4 133
133 4 137
137 4 133
133 4 138
138 4 133
133 4 139
139 4 133
134 4 135
135 4 134
134 4 136
136 4 134
134 4 137
137 4 134
134 4 138
138 4 134
134 4 139
139 4 134
135 4 136
136 4 135
135 4 139
139 4 135
136 4 137
137 4 136
136 4 138
138 4 136
136 4 139
139 4 136
137 4 138
138 4 137
137 4 139
139 4 137
138 4 139
139 4 138
140 4 146
146 4 140
140 4 147
147 4 140
140 4 150
150 4 140
140 4 152
152 4 140
140 4 156
156 4 140
141 4 142
142 4 141
141 4 143
143 4 141
141 4 144
144 4 141
141 4 145
145 4 141
141 4 147
147 4 141
141 4 148
148 4 141
141 4 149
149 4 141
141 4 150
150 4 141
141 4 151
151 4 141
141 4 152
152 4 141
141 4 153
153 4 141
141 4 154
154 4 141
141 4 155
155 4 141
142 4 143
143 4 142
142 4 144
144 4 142
142 4 145
145 4 142
142 4 146
146 4 142
142 4 149
149 4 142
142 4 151
151 4 142
142 4 152
152 4 142
142 4 153
153 4 142
142 4 155
155 4 142
143 4 144
144 4 143
143 4 145
145 4 143
143 4 148
148 4 143
143 4 149
149 4 143
143 4 151
151 4 143
143 4 152
152 4 143
143 4 153
153 4 143
143 4 154
154 4 143
143 4 155
155 4 143
144 4 145
145 4 144
144 4 149
149 4 144
144 4 152
152 4 144
144 4 153
153 4 144
144 4 155
155 4 144
145 4 149
149 4 145
145 4 150
150 4 145
145 4 151
151 4 145
145 4 152
152 4 145
145 4 153
153 4 145
145 4 155
155 4 145
146 4 147
147 4 146
146 4 152
152 4 146
147 4 150
150 4 147
147 4 151
151 4 147
147 4 152
152 4 147
147 4 156
156 4 147
148 4 149
149 4 148
148 4 151
151 4 148
148 4 153
153 4 148
149 4 151
151 4 149
149 4 152
152 4 149
149 4 153
153 4 149
149 4 154
154 4 149
149 4 155
155 4 149
150 4 151
151 4 150
151 4 152
152 4 151
151 4 153
153 4 151
152 4 153
153 4 152
152 4 155
155 4 152
153 4 154
154 4 153
153 4 155
155 4 153
154 4 155
155 4 154
157 4 159
159 4 157
157 4 160
160 4 157
157 4 162
162 4 157
157 4 163
163 4 157
157 4 164
164 4 157
158 4 160
160 4 158
158 4 161
161 4 158
158 4 164
164 4 158
158 4 165
165 4 158
159 4 160
160 4 159
159 4 161
161 4 159
159 4 162
162 4 159
159 4 164
164 4 159
159 4 165
165 4 159
160 4 161
161 4 160
160 4 162
162 4 160
160 4 163
163 4 160
160 4 164
164 4 160
160 4 165
165 4 160
161 4 162
162 4 161
161 4 164
164 4 161
161 4 165
165 4 161
162 4 164
164 4 162
162 4 165
165 4 162
164 4 165
165 4 164
166 4 167
167 4 166
166 4 171
171 4 166
166 4 175
175 4 166
167 4 169
169 4 167
167 4 171
171 4 167
167 4 173
173 4 167
167 4 176
176 4 167
167 4 177
177 4 167
168 4 170
170 4 168
168 4 171
171 4 168
168 4 172
172 4 168
168 4 174
174 4 168
168 4 177
177 4 168
169 4 173
173 4 169
169 4 175
175 4 169
170 4 172
172 4 170
170 4 173
173 4 170
170 4 174
174 4 170
170 4 177
177 4 170
171 4 175
175 4 171
171 4 177
177 4 171
172 4 173
173 4 172
172 4 174
174 4 172
172 4 177
177 4 172
173 4 177
177 4 173
178 4 179
179 4 178
178 4 180
180 4 178
178 4 182
182 4 178
178 4 186
186 4 178
178 4 188
188 4 178
178 4 189
189 4 178
178 4 190
190 4 178
178 4 191
191 4 178
178 4 192
192 4 178
179 4 180
180 4 179
179 4 182
182 4 179
179 4 188
188 4 179
179 4 189
189 4 179
179 4 191
191 4 179
180 4 181
181 4 180
180 4 182
182 4 180
180 4 183
183 4 180
180 4 185
185 4 180
180 4 188
188 4 180
180 4 189
189 4 180
180 4 190
190 4 180
180 4 191
191 4 180
181 4 182
182 4 181
181 4 183
183 4 181
181 4 187
187 4 181
181 4 188
188 4 181
181 4 191
191 4 181
182 4 183
183 4 182
182 4 185
185 4 182
182 4 188
188 4 182
182 4 189
189 4 182
182 4 190
190 4 182
182 4 191
191 4 182
183 4 188
188 4 183
183 4 190
190 4 183
183 4 191
191 4 183
184 4 192
192 4 184
185 4 190
190 4 185
185 4 191
191 4 185
186 4 189
189 4 186
186 4 190
190 4 186
186 4 192
192 4 186
188 4 189
189 4 188
188 4 190
190 4 188
188 4 191
191 4 188
189 4 191
191 4 189
190 4 191
191 4 190
193 4 194
194 4 193
193 4 195
195 4 193
193 4 196
196 4 193
193 4 197
197 4 193
193 4 198
198 4 193
193 4 199
199 4 193
193 4 200
200 4 193
193 4 201
201 4 193
193 4 203
203 4 193
193 4 204
204 4 193
193 4 205
205 4 193
193 4 208
208 4 193
193 4 210
210 4 193
194 4 195
195 4 194
194 4 198
198 4 194
194 4 199
199 4 194
194 4 200
200 4 194
194 4 201
201 4 194
194 4 203
203 4 194
194 4 204
204 4 194
194 4 206
206 4 194
194 4 208
208 4 194
194 4 209
209 4 194
195 4 196
196 4 195
195 4 197
197 4 195
195 4 198
198 4 195
195 4 200
200 4 195
195 4 201
201 4 195
195 4 203
203 4 195
195 4 204
204 4 195
195 4 205
205 4 195
195 4 206
206 4 195
195 4 207
207 4 195
195 4 208
208 4 195
195 4 210
210 4 195
196 4 197
197 4 196
196 4 198
198 4 196
196 4 200
200 4 196
196 4 201
201 4 196
196 4 203
203 4 196
196 4 204
204 4 196
196 4 205
205 4 196
196 4 206
206 4 196
196 4 207
207 4 196
196 4 208
208 4 196
196 4 209
209 4 196
196 4 210
210 4 196
197 4 198
198 4 197
197 4 200
200 4 197
197 4 201
201 4 197
197 4 203
203 4 197
197 4 204
204 4 197
197 4 205
205 4 197
197 4 206
206 4 197
197 4 207
207 4 197
197 4 208
208 4 197
197 4 209
209 4 197
197 4 210
210 4 197
198 4 199
199 4 198
198 4 200
200 4 198
198 4 201
201 4 198
198 4 203
203 4 198
198 4 204
204 4 198
198 4 206
206 4 198
198 4 209
209 4 198
198 4 210
210 4 198
199 4 200
200 4 199
199 4 201
201 4 199
199 4 203
203 4 199
199 4 204
204 4 199
199 4 207
207 4 199
199 4 208
208 4 199
200 4 201
201 4 200
200 4 203
203 4 200
200 4 204
204 4 200
200 4 205
205 4 200
200 4 206
206 4 200
200 4 207
207 4 200
200 4 209
209 4 200
200 4 210
210 4 200
201 4 203
203 4 201
201 4 204
204 4 201
201 4 209
209 4 201
201 4 210
210 4 201
203 4 204
204 4 203
203 4 206
206 4 203
203 4 207
207 4 203
203 4 209
209 4 203
203 4 210
210 4 203
204 4 209
209 4 204
204 4 210
210 4 204
205 4 206
206 4 205
205 4 207
207 4 205
205 4 209
209 4 205
205 4 210
210 4 205
206 4 207
207 4 206
206 4 209
209 4 206
206 4 210
210 4 206
207 4 208
208 4 207
207 4 209
209 4 207
207 4 210
210 4 207
209 4 210
210 4 209
211 4 215
215 4 211
211 4 216
216 4 211
211 4 218
218 4 211
211 4 221
221 4 211
211 4 222
222 4 211
211 4 224
224 4 211
211 4 228
228 4 211
211 4 229
229 4 211
211 4 231
231 4 211
211 4 232
232 4 211
211 4 236
236 4 211
211 4 238
238 4 211
212 4 214
214 4 212
212 4 226
226 4 212
212 4 235
235 4 212
213 4 221
221 4 213
213 4 222
222 4 213
213 4 226
226 4 213
213 4 233
233 4 213
213 4 238
238 4 213
214 4 221
221 4 214
214 4 222
222 4 214
214 4 224
224 4 214
214 4 226
226 4 214
214 4 235
235 4 214
215 4 216
216 4 215
215 4 218
218 4 215
215 4 224
224 4 215
215 4 228
228 4 215
216 4 228
228 4 216
217 4 224
224 4 217
218 4 221
221 4 218
218 4 222
222 4 218
218 4 224
224 4 218
218 4 226
226 4 218
221 4 222
222 4 221
221 4 226
226 4 221
222 4 226
226 4 222
222 4 229
229 4 222
222 4 238
238 4 222
224 4 228
228 4 224
224 4 231
231 4 224
224 4 236
236 4 224
226 4 235
235 4 226
226 4 238
238 4 226
227 4 228
228 4 227
227 4 236
236 4 227
228 4 231
231 4 228
228 4 232
232 4 228
228 4 236
236 4 228
229 4 238
238 4 229
231 4 236
236 4 231
239 4 240
240 4 239
241 4 242
242 4 241
241 4 244
244 4 241
241 4 245
245 4 241
241 4 248
248 4 241
241 4 251
251 4 241
241 4 252
252 4 241
241 4 254
254 4 241
241 4 255
255 4 241
241 4 258
258 4 241
241 4 261
261 4 241
241 4 263
263 4 241
241 4 265
265 4 241
241 4 268
268 4 241
241 4 270
270 4 241
241 4 272
272 4 241
242 4 244
244 4 242
242 4 245
245 4 242
242 4 246
246 4 242
242 4 247
247 4 242
242 4 248
248 4 242
242 4 250
250 4 242
242 4 251
251 4 242
242 4 252
252 4 242
242 4 253
253 4 242
242 4 254
254 4 242
242 4 255
255 4 242
242 4 257
257 4 242
242 4 258
258 4 242
242 4 259
259 4 242
242 4 260
260 4 242
242 4 261
261 4 242
242 4 263
263 4 242
242 4 264
264 4 242
242 4 265
265 4 242
242 4 267
267 4 242
242 4 268
268 4 242
242 4 270
270 4 242
242 4 272
272 4 242
243 4 245
245 4 243
243 4 246
246 4 243
243 4 247
247 4 243
243 4 248
248 4 243
243 4 251
251 4 243
243 4 252
252 4 243
243 4 253
253 4 243
243 4 254
254 4 243
243 4 255
255 4 243
243 4 256
256 4 243
243 4 257
257 4 243
243 4 259
259 4 243
243 4 260
260 4 243
243 4 261
261 4 243
243 4 263
263 4 243
243 4 265
265 4 243
243 4 266
266 4 243
243 4 267
267 4 243
243 4 268
268 4 243
243 4 270
270 4 243
243 4 271
271 4 243
244 4 247
247 4 244
244 4 250
250 4 244
244 4 251
251 4 244
244 4 255
255 4 244
244 4 257
257 4 244
244 4 258
258 4 244
244 4 259
259 4 244
244 4 260
260 4 244
244 4 262
262 4 244
244 4 265
265 4 244
244 4 267
267 4 244
244 4 272
272 4 244
245 4 246
246 4 245
245 4 248
248 4 245
245 4 252
252 4 245
245 4 254
254 4 245
245 4 255
255 4 245
245 4 256
256 4 245
245 4 261
261 4 245
245 4 263
263 4 245
245 4 264
264 4 245
245 4 265
265 4 245
245 4 266
266 4 245
245 4 268
268 4 245
245 4 270
270 4 245
246 4 247
247 4 246
246 4 248
248 4 246
246 4 251
251 4 246
246 4 252
252 4 246
246 4 253
253 4 246
246 4 254
254 4 246
246 4 256
256 4 246
246 4 258
258 4 246
246 4 260
260 4 246
246 4 261
261 4 246
246 4 263
263 4 246
246 4 265
265 4 246
246 4 266
266 4 246
246 4 268
268 4 246
246 4 270
270 4 246
246 4 271
271 4 246
246 4 272
272 4 246
247 4 248
248 4 247
247 4 250
250 4 247
247 4 251
251 4 247
247 4 252
252 4 247
247 4 253
253 4 247
247 4 254
254 4 247
247 4 255
255 4 247
247 4 256
256 4 247
247 4 257
257 4 247
247 4 258
258 4 247
247 4 259
259 4 247
247 4 260
260 4 247
247 4 261
261 4 247
247 4 263
263 4 247
247 4 264
264 4 247
247 4 265
265 4 247
247 4 267
267 4 247
247 4 268
268 4 247
247 4 270
270 4 247
247 4 271
271 4 247
247 4 272
272 4 247
248 4 252
252 4 248
248 4 254
254 4 248
248 4 255
255 4 248
248 4 261
261 4 248
248 4 263
263 4 248
248 4 264
264 4 248
248 4 265
265 4 248
248 4 268
268 4 248
248 4 270
270 4 248
248 4 271
271 4 248
249 4 264
264 4 249
250 4 253
253 4 250
250 4 255
255 4 250
250 4 257
257 4 250
250 4 258
258 4 250
250 4 259
259 4 250
250 4 260
260 4 250
250 4 261
261 4 250
250 4 266
266 4 250
250 4 267
267 4 250
250 4 268
268 4 250
250 4 271
271 4 250
250 4 272
272 4 250
251 4 253
253 4 251
251 4 255
255 4 251
251 4 256
256 4 251
251 4 257
257 4 251
251 4 258
258 4 251
251 4 259
259 4 251
251 4 260
260 4 251
251 4 261
261 4 251
251 4 264
264 4 251
251 4 265
265 4 251
251 4 267
267 4 251
251 4 268
268 4 251
251 4 270
270 4 251
251 4 272
272 4 251
252 4 253
253 4 252
252 4 254
254 4 252
252 4 255
255 4 252
252 4 256
256 4 252
252 4 261
261 4 252
252 4 263
263 4 252
252 4 265
265 4 252
252 4 266
266 4 252
252 4 268
268 4 252
252 4 270
270 4 252
252 4 271
271 4 252
253 4 255
255 4 253
253 4 256
256 4 253
253 4 257
257 4 253
253 4 258
258 4 253
253 4 259
259 4 253
253 4 260
260 4 253
253 4 261
261 4 253
253 4 262
262 4 253
253 4 264
264 4 253
253 4 265
265 4 253
253 4 266
266 4 253
253 4 267
267 4 253
253 4 268
268 4 253
253 4 270
270 4 253
253 4 271
271 4 253
253 4 272
272 4 253
254 4 255
255 4 254
254 4 261
261 4 254
254 4 263
263 4 254
254 4 265
265 4 254
254 4 267
267 4 254
254 4 268
268 4 254
254 4 270
270 4 254
254 4 271
271 4 254
255 4 256
256 4 255
255 4 257
257 4 255
255 4 258
258 4 255
255 4 259
259 4 255
255 4 260
260 4 255
255 4 261
261 4 255
255 4 263
263 4 255
255 4 264
264 4 255
255 4 265
265 4 255
255 4 266
266 4 255
255 4 267
267 4 255
255 4 268
268 4 255
255 4 270
270 4 255
255 4 272
272 4 255
256 4 257
257 4 256
256 4 259
259 4 256
256 4 260
260 4 256
256 4 261
261 4 256
256 4 263
263 4 256
256 4 265
265 4 256
256 4 266
266 4 256
256 4 267
267 4 256
256 4 268
268 4 256
256 4 270
270 4 256
257 4 258
258 4 257
257 4 259
259 4 257
257 4 260
260 4 257
257 4 261
261 4 257
257 4 264
264 4 257
257 4 265
265 4 257
257 4 266
266 4 257
257 4 267
267 4 257
257 4 268
268 4 257
257 4 270
270 4 257
257 4 271
271 4 257
257 4 272
272 4 257
258 4 259
259 4 258
258 4 260
260 4 258
258 4 265
265 4 258
258 4 267
267 4 258
258 4 272
272 4 258
259 4 260
260 4 259
259 4 261
261 4 259
259 4 265
265 4 259
259 4 267
267 4 259
259 4 268
268 4 259
259 4 270
270 4 259
259 4 272
272 4 259
260 4 261
261 4 260
260 4 262
262 4 260
260 4 264
264 4 260
260 4 265
265 4 260
260 4 266
266 4 260
260 4 267
267 4 260
260 4 268
268 4 260
260 4 270
270 4 260
260 4 271
271 4 260
260 4 272
272 4 260
261 4 263
263 4 261
261 4 264
264 4 261
261 4 265
265 4 261
261 4 266
266 4 261
261 4 267
267 4 261
261 4 268
268 4 261
261 4 270
270 4 261
261 4 271
271 4 261
262 4 272
272 4 262
263 4 265
265 4 263
263 4 266
266 4 263
263 4 268
268 4 263
263 4 270
270 4 263
263 4 271
271 4 263
264 4 265
265 4 264
264 4 268
268 4 264
264 4 270
270 4 264
265 4 266
266 4 265
265 4 267
267 4 265
265 4 268
268 4 265
265 4 270
270 4 265
265 4 272
272 4 265
266 4 268
268 4 266
266 4 271
271 4 266
267 4 268
268 4 267
267 4 270
270 4 267
267 4 271
271 4 267
267 4 272
272 4 267
268 4 270
270 4 268
268 4 271
271 4 268
270 4 271
271 4 270
273 4 275
275 4 273
273 4 276
276 4 273
273 4 277
277 4 273
273 4 278
278 4 273
273 4 279
279 4 273
273 4 280
280 4 273
273 4 281
281 4 273
273 4 283
283 4 273
275 4 280
280 4 275
276 4 278
278 4 276
276 4 279
279 4 276
277 4 278
278 4 277
277 4 279
279 4 277
277 4 280
280 4 277
277 4 281
281 4 277
277 4 283
283 4 277
277 4 284
284 4 277
277 4 285
285 4 277
278 4 279
279 4 278
278 4 280
280 4 278
278 4 281
281 4 278
278 4 283
283 4 278
279 4 280
280 4 279
279 4 281
281 4 279
279 4 283
283 4 279
280 4 281
281 4 280
280 4 283
283 4 280
280 4 284
284 4 280
281 4 283
283 4 281
281 4 284
284 4 281
283 4 284
284 4 283
283 4 285
285 4 283
284 4 285
285 4 284
286 4 291
291 4 286
286 4 292
292 4 286
286 4 293
293 4 286
286 4 295
295 4 286
286 4 298
298 4 286
287 4 288
288 4 287
287 4 289
289 4 287
287 4 291
291 4 287
287 4 292
292 4 287
287 4 293
293 4 287
287 4 295
295 4 287
287 4 296
296 4 287
287 4 298
298 4 287
287 4 300
300 4 287
288 4 289
289 4 288
288 4 291
291 4 288
288 4 292
292 4 288
288 4 293
293 4 288
288 4 295
295 4 288
288 4 296
296 4 288
288 4 298
298 4 288
288 4 300
300 4 288
288 4 301
301 4 288
289 4 290
290 4 289
289 4 291
291 4 289
289 4 292
292 4 289
289 4 293
293 4 289
289 4 296
296 4 289
289 4 297
297 4 289
289 4 300
300 4 289
289 4 301
301 4 289
290 4 293
293 4 290
290 4 297
297 4 290
290 4 300
300 4 290
291 4 292
292 4 291
291 4 293
293 4 291
291 4 294
294 4 291
291 4 295
295 4 291
291 4 296
296 4 291
291 4 298
298 4 291
291 4 300
300 4 291
291 4 301
301 4 291
292 4 293
293 4 292
292 4 294
294 4 292
292 4 295
295 4 292
292 4 296
296 4 292
292 4 298
298 4 292
292 4 301
301 4 292
293 4 294
294 4 293
293 4 295
295 4 293
293 4 296
296 4 293
293 4 298
298 4 293
293 4 300
300 4 293
293 4 301
301 4 293
294 4 295
295 4 294
294 4 298
298 4 294
295 4 296
296 4 295
295 4 298
298 4 295
295 4 301
301 4 295
296 4 298
298 4 296
296 4 300
300 4 296
296 4 301
301 4 296
297 4 299
299 4 297
297 4 300
300 4 297
297 4 301
301 4 297
298 4 301
301 4 298
302 4 303
303 4 302
302 4 305
305 4 302
302 4 306
306 4 302
302 4 307
307 4 302
302 4 308
308 4 302
302 4 309
309 4 302
302 4 311
311 4 302
302 4 312
312 4 302
302 4 315
315 4 302
302 4 316
316 4 302
302 4 317
317 4 302
302 4 318
318 4 302
302 4 320
320 4 302
302 4 322
322 4 302
302 4 323
323 4 302
302 4 324
324 4 302
302 4 327
327 4 302
302 4 331
331 4 302
302 4 332
332 4 302
302 4 333
333 4 302
302 4 338
338 4 302
303 4 304
304 4 303
303 4 305
305 4 303
303 4 306
306 4 303
303 4 307
307 4 303
303 4 308
308 4 303
303 4 309
309 4 303
303 4 310
310 4 303
303 4 311
311 4 303
303 4 312
312 4 303
303 4 313
313 4 303
303 4 314
314 4 303
303 4 315
315 4 303
303 4 316
316 4 303
303 4 317
317 4 303
303 4 318
318 4 303
303 4 320
320 4 303
303 4 321
321 4 303
303 4 322
322 4 303
303 4 323
323 4 303
303 4 324
324 4 303
303 4 325
325 4 303
303 4 326
326 4 303
303 4 327
327 4 303
303 4 329
329 4 303
303 4 331
331 4 303
303 4 332
332 4 303
303 4 333
333 4 303
303 4 339
339 4 303
304 4 305
305 4 304
304 4 307
307 4 304
304 4 309
309 4 304
304 4 311
311 4 304
304 4 312
312 4 304
304 4 313
313 4 304
304 4 317
317 4 304
304 4 320
320 4 304
304 4 324
324 4 304
304 4 326
326 4 304
304 4 327
327 4 304
304 4 328
328 4 304
304 4 329
329 4 304
304 4 330
330 4 304
304 4 332
332 4 304
304 4 333
333 4 304
304 4 335
335 4 304
304 4 337
337 4 304
304 4 339
339 4 304
305 4 306
306 4 305
305 4 307
307 4 305
305 4 308
308 4 305
305 4 309
309 4 305
305 4 312
312 4 305
305 4 315
315 4 305
305 4 316
316 4 305
305 4 317
317 4 305
305 4 318
318 4 305
305 4 320
320 4 305
305 4 322
322 4 305
305 4 323
323 4 305
305 4 324
324 4 305
305 4 327
327 4 305
305 4 331
331 4 305
305 4 332
332 4 305
305 4 333
333 4 305
305 4 337
337 4 305
306 4 307
307 4 306
306 4 308
308 4 306
306 4 309
309 4 306
306 4 310
310 4 306
306 4 312
312 4 306
306 4 314
314 4 306
306 4 315
315 4 306
306 4 316
316 4 306
306 4 317
317 4 306
306 4 318
318 4 306
306 4 319
319 4 306
306 4 320
320 4 306
306 4 321
321 4 306
306 4 322
322 4 306
306 4 323
323 4 306
306 4 324
324 4 306
306 4 325
325 4 306
306 4 326
326 4 306
306 4 327
327 4 306
306 4 329
329 4 306
306 4 331
331 4 306
306 4 332
332 4 306
306 4 333
333 4 306
306 4 338
338 4 306
307 4 308
308 4 307
307 4 309
309 4 307
307 4 310
310 4 307
307 4 311
311 4 307
307 4 312
312 4 307
307 4 313
313 4 307
307 4 314
314 4 307
307 4 315
315 4 307
307 4 316
316 4 307
307 4 317
317 4 307
307 4 318
318 4 307
307 4 319
319 4 307
307 4 320
320 4 307
307 4 321
321 4 307
307 4 322
322 4 307
307 4 323
323 4 307
307 4 324
324 4 307
307 4 325
325 4 307
307 4 326
326 4 307
307 4 327
327 4 307
307 4 329
329 4 307
307 4 331
331 4 307
307 4 332
332 4 307
307 4 333
333 4 307
307 4 338
338 4 307
307 4 339
339 4 307
308 4 309
309 4 308
308 4 310
310 4 308
308 4 311
311 4 308
308 4 312
312 4 308
308 4 314
314 4 308
308 4 315
315 4 308
308 4 316
316 4 308
308 4 317
317 4 308
308 4 318
318 4 308
308 4 319
319 4 308
308 4 320
320 4 308
308 4 321
321 4 308
308 4 322
322 4 308
308 4 323
323 4 308
308 4 324
324 4 308
308 4 325
325 4 308
308 4 326
326 4 308
308 4 327
327 4 308
308 4 329
329 4 308
308 4 331
331 4 308
308 4 332
332 4 308
308 4 333
333 4 308
308 4 338
338 4 308
309 4 310
310 4 309
309 4 311
311 4 309
309 4 312
312 4 309
309 4 314
314 4 309
309 4 315
315 4 309
309 4 316
316 4 309
309 4 317
317 4 309
309 4 318
318 4 309
309 4 319
319 4 309
309 4 320
320 4 309
309 4 321
321 4 309
309 4 322
322 4 309
309 4 323
323 4 309
309 4 324
324 4 309
309 4 325
325 4 309
309 4 326
326 4 309
309 4 327
327 4 309
309 4 329
329 4 309
309 4 333
333 4 309
309 4 337
337 4 309
309 4 338
338 4 309
310 4 312
312 4 310
310 4 314
314 4 310
310 4 315
315 4 310
310 4 316
316 4 310
310 4 317
317 4 310
310 4 318
318 4 310
310 4 319
319 4 310
310 4 320
320 4 310
310 4 321
321 4 310
310 4 322
322 4 310
310 4 323
323 4 310
310 4 324
324 4 310
310 4 325
325 4 310
310 4 326
326 4 310
310 4 329
329 4 310
310 4 333
333 4 310
310 4 338
338 4 310
311 4 312
312 4 311
311 4 313
313 4 311
311 4 315
315 4 311
311 4 317
317 4 311
311 4 319
319 4 311
311 4 320
320 4 311
311 4 323
323 4 311
311 4 324
324 4 311
311 4 326
326 4 311
311 4 327
327 4 311
311 4 328
328 4 311
311 4 329
329 4 311
311 4 332
332 4 311
311 4 333
333 4 311
311 4 335
335 4 311
311 4 337
337 4 311
311 4 338
338 4 311
311 4 339
339 4 311
312 4 313
313 4 312
312 4 314
314 4 312
312 4 316
316 4 312
312 4 317
317 4 312
312 4 318
318 4 312
312 4 319
319 4 312
312 4 321
321 4 312
312 4 322
322 4 312
312 4 323
323 4 312
312 4 324
324 4 312
312 4 325
325 4 312
312 4 326
326 4 312
312 4 328
328 4 312
312 4 329
329 4 312
312 4 333
333 4 312
312 4 338
338 4 312
312 4 339
339 4 312
313 4 317
317 4 313
313 4 324
324 4 313
313 4 326
326 4 313
313 4 327
327 4 313
313 4 328
328 4 313
313 4 329
329 4 313
313 4 332
332 4 313
313 4 333
333 4 313
313 4 335
335 4 313
313 4 337
337 4 313
313 4 339
339 4 313
314 4 315
315 4 314
314 4 316
316 4 314
314 4 317
317 4 314
314 4 318
318 4 314
314 4 319
319 4 314
314 4 320
320 4 314
314 4 321
321 4 314
314 4 322
322 4 314
314 4 323
323 4 314
314 4 324
324 4 314
314 4 325
325 4 314
314 4 326
326 4 314
314 4 329
329 4 314
314 4 331
331 4 314
314 4 333
333 4 314
314 4 338
338 4 314
315 4 316
316 4 315
315 4 317
317 4 315
315 4 318
318 4 315
315 4 319
319 4 315
315 4 320
320 4 315
315 4 321
321 4 315
315 4 322
322 4 315
315 4 323
323 4 315
315 4 324
324 4 315
315 4 325
325 4 315
315 4 326
326 4 315
315 4 327
327 4 315
315 4 331
331 4 315
315 4 332
332 4 315
315 4 333
333 4 315
315 4 338
338 4 315
316 4 317
317 4 316
316 4 318
318 4 316
316 4 319
319 4 316
316 4 320
320 4 316
316 4 321
321 4 316
316 4 322
322 4 316
316 4 323
323 4 316
316 4 324
324 4 316
316 4 325
325 4 316
316 4 326
326 4 316
316 4 327
327 4 316
316 4 329
329 4 316
316 4 331
331 4 316
316 4 332
332 4 316
316 4 333
333 4 316
316 4 338
338 4 316
317 4 318
318 4 317
317 4 319
319 4 317
317 4 320
320 4 317
317 4 321
321 4 317
317 4 322
322 4 317
317 4 323
323 4 317
317 4 324
324 4 317
317 4 325
325 4 317
317 4 326
326 4 317
317 4 327
327 4 317
317 4 329
329 4 317
317 4 331
331 4 317
317 4 332
332 4 317
317 4 333
333 4 317
317 4 338
338 4 317
317 4 339
339 4 317
318 4 319
319 4 318
318 4 320
320 4 318
318 4 321
321 4 318
318 4 322
322 4 318
318 4 323
323 4 318
318 4 324
324 4 318
318 4 325
325 4 318
318 4 326
326 4 318
318 4 327
327 4 318
318 4 329
329 4 318
318 4 331
331 4 318
318 4 332
332 4 318
318 4 333
333 4 318
318 4 338
338 4 318
319 4 321
321 4 319
319 4 322
322 4 319
319 4 323
323 4 319
319 4 324
324 4 319
319 4 325
325 4 319
319 4 326
326 4 319
319 4 329
329 4 319
319 4 331
331 4 319
319 4 333
333 4 319
319 4 337
337 4 319
319 4 338
338 4 319
320 4 322
322 4 320
320 4 323
323 4 320
320 4 324
324 4 320
320 4 325
325 4 320
320 4 326
326 4 320
320 4 327
327 4 320
320 4 331
331 4 320
320 4 332
332 4 320
320 4 333
333 4 320
320 4 338
338 4 320
320 4 339
339 4 320
321 4 322
322 4 321
321 4 323
323 4 321
321 4 324
324 4 321
321 4 325
325 4 321
321 4 326
326 4 321
321 4 329
329 4 321
321 4 331
331 4 321
321 4 332
332 4 321
321 4 333
333 4 321
321 4 338
338 4 321
322 4 323
323 4 322
322 4 324
324 4 322
322 4 325
325 4 322
322 4 326
326 4 322
322 4 327
327 4 322
322 4 329
329 4 322
322 4 331
331 4 322
322 4 332
332 4 322
322 4 333
333 4 322
322 4 338
338 4 322
323 4 324
324 4 323
323 4 325
325 4 323
323 4 326
326 4 323
323 4 327
327 4 323
323 4 329
329 4 323
323 4 331
331 4 323
323 4 332
332 4 323
323 4 333
333 4 323
323 4 337
337 4 323
323 4 338
338 4 323
324 4 325
325 4 324
324 4 326
326 4 324
324 4 327
327 4 324
324 4 329
329 4 324
324 4 331
331 4 324
324 4 332
332 4 324
324 4 333
333 4 324
324 4 338
338 4 324
324 4 339
339 4 324
325 4 326
326 4 325
325 4 329
329 4 325
325 4 331
331 4 325
325 4 333
333 4 325
325 4 338
338 4 325
326 4 329
329 4 326
326 4 333
333 4 326
326 4 338
338 4 326
326 4 339
339 4 326
327 4 330
330 4 327
327 4 331
331 4 327
327 4 332
332 4 327
327 4 333
333 4 327
327 4 335
335 4 327
327 4 337
337 4 327
327 4 338
338 4 327
328 4 335
335 4 328
328 4 339
339 4 328
329 4 333
333 4 329
329 4 338
338 4 329
329 4 339
339 4 329
330 4 334
334 4 330
330 4 335
335 4 330
330 4 337
337 4 330
331 4 332
332 4 331
331 4 333
333 4 331
332 4 333
333 4 332
332 4 337
337 4 332
333 4 338
338 4 333
333 4 339
339 4 333
334 4 337
337 4 334
335 4 337
337 4 335
335 4 339
339 4 335
68 1 424
68 1 458
68 1 425
68 1 404
68 1 437
68 1 382
68 1 402
