0 7 3 2 8 5 6 9 4
1 15 13 12 18 14 20 17 11 21
2 24 23 22 25
3 29 39 38 34 51 30 36 49 44 42 48 47 43 41 28 46 33 31 50 37
4 60 54 57 66 62 59 58 64 56 65 52 53 67 55
5 83 92 84 80 89 85 72 71 86 74 90 81 75 96 87 88 78 94 73 79
6 134 118 124 137 119 97 107 114 130 121 111 123 103 116 132 125 102 127 100 98 99 129 135 101 104 108 109 138 136 115 120 131 112 105
7 150 156 151 152 155 145 154 141 153 148 144 140 147
8 162 158 163 164 160 165 161
9 173 177 168 172 174 171 175 167 176
10 178 181 183 191 190 187 179 184 189 182 192 186
11 203 200 195 199 202 204 197 205 201 193 198 208 206 196
12 233 211 224 229 216 237 236 222 220 238 214 230 225 235 223 234 231 215 228 217 226 232 219 240
13 263 243 260 256 262 250 252 268 241 270 257 265 271 259 267 261 249 246 254 245 255 258 269 272 248
14 280 277 274 278 281 282 285 283 284 275
15 287 293 288 298 299 292 296 291 297 294 295 286
16 311 302 325 322 328 333 332 323 308 338 316 337 336 319 331 310 312 318 324 327 315 304 326 303 321 329 309 320 330 339
17 20 23 233 12 338 21 298 78 324 318 47 51 77 42 291 103 161 294 249 319 81 222 215 317 82 28 292 180 218 310 145 142 155 165 286 74 38 25 176 80 321 323 88 0 153 96 333 84 1 154 83 144 36 325 50 56 94 18 72 329 316 14 143 15 141 11 326 202 10 314 309 149 306 43
18 213 324 304 7 290 24 188 317 154 13 78 181 0 329 170 180 251 300 214 289 283 226 193 4 159 326 3 178 288 333 205 293 182 20 162 303 79 76 92 135 222 72 335 187 88 22 313 168 281 95 15 286 339 8 80 311
19 195 213 7 181 314 301 108 12 208 29 163 24 58 329 27 150 170 20 125 153 308 338 136 242 324 312 154 143 272 310 295 291 172 117 164 101 207 182 316 137 222 112 158 51 141 323 232 292 206 36 94 258 56 96 262 229 174 326 307 40 226 318 93 238 293 247 322 218 253 151 177 97 173 91 260 161 46 251 185 304 39 4 331 147 302 333 37 246 336 8 132 80 327 45 165 78 320 205 160 155 180 191 11 23 321 14 296 148 3 26 149 84 315 124 211 167 288 183 294 319
20 0 281 290
21 38 101 185 4 159 301 311 93 315 82 194 162 226 324 8 26 302 90 13 257 0 309 97 126 327 69 86 213 85 179 199 76 308 3 94 2 297 21 289 45 29 9 208 285 288 7 74 148 292
22 243 67 251 320 167 259 317 215 228 40 1 232 151 305 38 139 149 5 207 131 300 120 141 181 144 42 264 97 71 255 54 211 318 145 327 11 203 135 296 29 148 31 292 128 333 25 316 308 187 35 152 73 281 307 122 202 17 12 253 287 96 70 111 77 64 163 332 247 125 76 260 37 183 126 143 298 129 90 62 63 118 81 36 87 268 18 133 14 261 284 50 257 322 265 57 153 46 85 65 176 51 89 256 270 47 169 302 75 331 199 306
23 270 113 146 37 1 17 338 187 271 66 138 21 19 120 235 15
24 84 23 320 80 26 190 292 81 191 61 42 163 325 326 141 86 245 25 144 153 117 249 77 33 293 96 152 248 155 14 88 295 8 298 202 93 10 314 1 149 142 46 72 301 286 47 39 57 322 75 94 95 74 43 90 62 181 200 172 310 264 318
25 174 189 91 229
26 241 22 321 80 332 157 161 165 159 179 160 2 306 16 286 158 91 25 174 318 308
27 176 266 198 63 40 28 323 256 124 243 163 255 171 199 209 200 203 261 245 90 314 192 2 167 279 61 310 204 235 299 131 65 121 29 175 201 157 129 127
28 210 118 177 160 256 120 131 133 337 273 53 196 121 168 102 119 172 115 205 297 127 253 58 40 207 278 212 16 130 156 33 140 200 69 71 3 4 276 44 175 206 88 39 311 134 65 319 334 186 117 226 192 262 221 171 112 252 104 214 170 301 87 184 173
29 168 262 156 171
30 238 225 5
31 289 197 112 53 273 89 260 272 101 190 177 117 35 130 139 44 276 45 209 278 212 172 20 277 262 54 86 244 235 116 180 27 30 208 119 281 214 290 58 143 279 52 136 5 328 115 168 224 134 284 102 283 118 135 226 218 215
32 242 102 237 236 130 299 274 247 289 332 106 156 278 118 104 133 300 207 6 297 223 177 214 250 330 124 30 115 304 282 335 228 127 281 54 134 27 220 240 135 229 184 129 238 109 138 98 230 311 63 79 136 259 209 279 91 64 123 273 113 267 224 258 44 49 112 244 137 290 9 139 255 78 5 328 58 313 272 108 76 50 222 92
33 216 229 327 6
34 272 255 283 259 217 108 224 202 242 159 265 257 99 19 111 261 233 256 150 285 251 243 27 266 177 267 63 98 87 252 167 250 130 60 332 166 271 120 254 246 6 263 135 277 244 248 247 258 284
35 27 290 108 32 101 124 273 82 195 260 257 268 93 6 17 261 73 266 203 131 280 253 115 64 198 194 330 78 122 123 67 211 98 91 192 218 173 169 293 137 89 129 227 125 111 109 304 128 216 103 127 271 66 105 61 297 294 231 327 59 114 224 70 87 92 133 146 100 275 110 140 250 147 335 62 130 42 65 161 116 167 206 221 49 300 139 126
36 321 333 7 74 322 310 170 319 16 287
37 245 294 241 175 9 73 204 327 299 236 66 62 55 34 69 99 52 248 186 195 67 109 197 121 150 46 169 263 208 275 242 178 232 193 255 157 227 210 105 70 196 133 270 132 252 166 129 57 60 265 115 63 103 107 64 199 116 203 264 334 228 53 140 61 110 44 96 207
38 147 108 55 184 111 9 138 198 60 67 243 231 261 325 271 139 252 140 52 331 254 146 287 105 28 19 89 246 116 247 54 87 152 100 263 107 99 110 270 46 73 59
39 21 84 10 18 51 15 17
40 254 113 271 235 187 338 267 146 97 327
41 152 47 142 315 173 169 145 122 111 43 206 50 151 147 23 12 94 84 59 331 99 42 86 74 231 141 314 140 246 11 319 248
42 52 13 243 121
43 26 186 196 16 175 156
44 258 175 205 277
45 186 24 183 179 320 339 158 191 190 119 22 180 83 189 178 304 132 182 188
46 21 23
47 30 284 164 95 233 162 160 241 159 213
48 136 250 188 301 302 124 259 217 26
49 227 41
50 312 294 302 37 295 171 305 204
51 100 44 128 123 102
52 211 195 194 233
53 217 280
54 198 131 193 194 203 265 67 210 205 158 89 195 117 204 246 53 66 200 201 268 58 206 189 132 121 186 266 299 330 334 197
55 104 219 134
56 79 313 312 288
57 81 218 215 266
58 244 262 83 213
59 98 123
60 154 103
61 220 107
62 190 155 158 182 339 328 335
63 305 204
64 221 197
65 229 299 278 273
66 265 244 258 241 251 284
67 274 327
